# shader_cache: cleared: apk 4db6cd5e6973 -> 41ac0041b93d on this device  apk 41ac0041b93d  device nova
# mark 1790721915.126
  t_mark   win_ms  gfps     Gmax   dph   dpm    dsh    dsm      Shd     Pipe      Tot
  -216.7     3796    59     1345  2326    13     76     11      0.0      0.0     16.3
  -215.7     1001    59       17   120     0      0      0      0.0      0.0     16.2
  -214.7     1001    59       17   120     0      0      0      0.0      0.0     16.3
  -213.7     1001    59       17   141     0     41      0      0.0      0.0     16.3
  -212.7     1001    59       18   162     0     85      0      0.0      0.0     16.3
  -211.7     1001    59       17   120     0      0      0      0.0      0.0     16.3
  -210.7     1001    59       17   120     0      0      0      0.0      0.0     16.3
  -209.7     1001    59       18   137     0     33      0      0.0      0.0     16.3
  -208.7     1001    59       17   165     0     91      0      0.0      0.0     16.3
  -207.7     1001    59       18   120     0      0      0      0.0      0.0     16.2
  -206.7     1001    59       17   120     0      1      0      0.0      0.0     16.3
  -205.6     1168    59      192   194     2     54      1      0.0      0.2     16.5
  -204.6     1001    59       18   180     0      0      0      0.0      0.2     16.4
  -203.6     1001    59       18   180     0      0      0      0.0      0.2     16.4
  -202.6     1002    59       18   180     0      0      0      0.0      0.2     16.6
  -201.6     1000    59       18   180     0      0      0      0.0      0.2     16.4
  -200.6     1001    59       18   180     0      0      0      0.0      0.2     16.4
  -199.6     1001    59       18   180     0      0      0      0.0      0.2     16.4
  -198.6     1001    59       18   180     0      0      0      0.0      0.2     16.4
  -197.6     1001    59       18   180     0      0      0      0.0      0.2     16.5
  -196.6     1001    59       18   180     0      0      0      0.0      0.2     16.4
  -195.5     1001    59       18   180     0      0      0      0.0      0.2     16.4
  -194.5     1001    59       18   180     0      0      0      0.0      0.2     16.4
  -193.5     1001    59       18   180     0      0      0      0.0      0.2     16.4
  -192.5     1001    59       18   180     0      0      0      0.0      0.2     16.2
  -191.5     1001    59       20   180     0      0      0      0.0      0.2     16.4
  -190.5     1001    59       18   180     0      0      0      0.0      0.2     16.4
  -189.5     1001    59       18   180     0      0      0      0.0      0.2     16.4
  -188.5     1001    59       18   180     0      0      0      0.0      0.2     16.4
  -187.5     1001    59       18   180     0      0      0      0.0      0.2     16.3
  -186.5     1002    59       18   180     0      0      0      0.0      0.2     16.5
  -185.5     1000    59       18   180     0      0      0      0.0      0.2     16.4
  -184.5     1001    59       17   180     0      0      0      0.0      0.2     16.4
  -183.0     1518    59      397   241     3    130      3      1.6      1.8     19.9
  -182.0     1001    59       18   259     0    199      0      0.0      0.0     16.3
  -181.0     1001    59       17   240     0    180      0      0.0      0.0     16.2
  -180.0     1001    59       17   240     0    180      0      0.0      0.0     16.2
  -179.0     1002    59       17   240     0    180      0      0.0      0.0     16.4
  -178.0     1000    59       17   240     0    180      0      0.0      0.0     16.2
  -177.0     1001    59       17   240     0    180      0      0.0      0.0     16.3
  -176.0     1001    59       17   240     0    180      0      0.0      0.0     16.2
  -175.0     1001    59       17   240     0    180      0      0.0      0.0     16.3
  -174.0     1001    59       17   240     0    180      0      0.0      0.0     16.2
  -173.0     1001    59       17   240     0    180      0      0.0      0.0     16.2
  -171.4     1602    10      629   619     0    212      0      0.0      0.3     32.0
  -170.4     1018    59       34  2340     0     71      0      0.0      0.2     16.2
  -169.3     1118    59      144  4053     1    376      1      0.0      0.3     16.1
  -168.3     1001    59       17  4348     0    420      0      0.0      0.3     16.1
  -167.3     1001    59       17  4346     0    420      0      0.0      0.3     16.0
  -166.3     1001    59       17  4348     0    420      0      0.0      0.3     16.0
  -165.3     1001    59       22  4344     0    420      0      0.0      0.3     16.1
  -164.3     1001    59       17  4342     0    420      0      0.0      0.3     16.1
  -163.3     1001    59       18  4344     0    420      0      0.0      0.3     16.1
  -162.1     1135    59      154  4391     1    457      1      0.0      0.3     16.1
  -161.1     1001    59       30  4246     0    480      0      0.0      0.3     15.7
  -160.1     1001    59       17  4140     0    480      0      0.0      0.3     16.1
  -159.1     1001    59       17  4266     0    480      0      0.0      0.3     16.0
  -158.1     1002    59       17  4438     0    480      0      0.0      0.3     16.0
  -157.1     1000    59       18  4468     0    480      0      0.0      0.3     16.0
  -156.1     1001    59       19  4464     0    480      0      0.0      0.4     15.9
  -155.1     1001    59       18  4464     0    480      0      0.0      0.3     15.9
  -154.1     1001    59       17  4466     0    480      0      0.0      0.3     16.0
  -153.1     1001    59       22  4468     0    480      0      0.0      0.3     16.0
  -152.1     1001    59       17  4468     0    480      0      0.0      0.3     16.0
  -151.1     1001    59       18  4322     0    480      0      0.0      0.3     16.0
  -150.1     1001    59       17  4140     0    480      0      0.0      0.3     16.1
  -149.1     1001    59       17  4164     0    480      0      0.0      0.3     16.1
  -148.1     1001    59       19  4378     0    480      0      0.0      0.3     16.0
  -147.1     1001    59       17  4472     0    480      0      0.0      0.3     16.0
  -146.1     1001    59       17  4466     0    480      0      0.0      0.3     16.1
  -145.1     1001    59       18  4468     0    480      0      0.0      0.3     16.1
  -144.1     1001    59       20  4464     0    480      0      0.0      0.3     16.0
  -143.1     1001    59       17  4462     0    480      0      0.0      0.3     16.0
  -142.1     1001    59       17  4466     0    480      0      0.0      0.3     16.0
  -141.1     1001    59       18  4420     0    480      0      0.0      0.4     15.9
  -140.1     1001    59       17  4206     0    480      0      0.0      0.3     16.0
  -139.1     1001    59       18  4140     0    480      0      0.0      0.4     15.9
  -138.1     1001    59       18  4310     0    480      0      0.0      0.3     16.1
  -137.1     1001    59       17  4452     0    480      0      0.0      0.3     16.1
  -136.1     1001    59       17  4466     0    480      0      0.0      0.3     16.0
  -135.1     1001    59       17  4462     0    480      0      0.0      0.3     16.1
  -134.1     1001    59       17  4464     0    480      0      0.0      0.3     16.1
  -133.1     1001    59       17  4464     0    480      0      0.0      0.3     16.1
  -132.1     1001    59       18  3019     0    121      0      0.0      0.2     16.2
  -131.0     1135    31      166  2864     1    377      1      1.5      1.9     19.0
  -130.0     1001    59       18  3253     0   1620      0      0.0      0.2     16.0
  -129.0     1001    59       17  3270     0   1620      0      0.0      0.2     16.0
  -128.0     1001    59       17  3270     0   1620      0      0.0      0.2     15.9
  -127.0     1001    59       18  3270     0   1620      0      0.0      0.2     16.0
  -126.0     1001    59       17  3270     0   1620      0      0.0      0.2     16.0
  -125.0     1002    59       18  3270     0   1620      0      0.0      0.2     15.9
  -124.0     1000    59       20  3270     0   1620      0      0.0      0.3     15.9
  -123.0     1001    59       17  3270     0   1620      0      0.0      0.3     15.9
  -122.0     1001    59       18  3270     0   1620      0      0.0      0.2     15.9
  -121.0     1001    59       19  3270     0   1620      0      0.0      0.3     15.8
  -120.0     1001    59       18  3270     0   1620      0      0.0      0.2     15.9
  -119.0     1001    59       19  3270     0   1620      0      0.0      0.2     15.9
  -118.0     1001    59       17  3270     0   1620      0      0.0      0.2     16.0
  -117.0     1001    59       18  3270     0   1620      0      0.0      0.2     15.9
  -116.0     1001    59       17  3270     0   1620      0      0.0      0.2     16.0
  -115.0     1001    59       18  3270     0   1620      0      0.0      0.2     15.9
  -113.9     1001    59       18  3270     0   1620      0      0.0      0.2     16.0
  -112.9     1001    59       18  3270     0   1620      0      0.0      0.2     16.0
  -111.9     1001    59       17  3270     0   1620      0      0.0      0.2     16.0
  -110.9     1001    59       17  3270     0   1620      0      0.0      0.2     15.9
  -109.9     1001    59       18  3270     0   1620      0      0.0      0.2     15.9
  -108.9     1001    59       18  3270     0   1620      0      0.0      0.2     15.9
  -107.9     1001    59       19  3270     0   1620      0      0.0      0.2     15.9
  -106.9     1001    59       19  3270     0   1620      0      0.0      0.2     16.0
  -105.9     1001    59       17  3270     0   1620      0      0.0      0.2     15.9
  -104.9     1001    59       18  3270     0   1620      0      0.0      0.2     15.9
  -103.9     1001    59       17  3270     0   1620      0      0.0      0.2     15.9
  -102.9     1001    59       17  3270     0   1620      0      0.0      0.2     15.9
  -101.9     1001    59       23  3270     0   1620      0      0.0      0.2     15.9
  -100.9     1001    59       18  3270     0   1620      0      0.0      0.3     15.8
   -99.9     1001    59       17  3270     0   1620      0      0.0      0.2     16.0
   -98.9     1001    59       17  3270     0   1620      0      0.0      0.2     16.0
   -97.9     1001    59       17  3270     0   1620      0      0.0      0.2     16.0
   -96.9     1001    59       18  3270     0   1620      0      0.0      0.2     16.0
   -95.9     1001    59       17  3270     0   1620      0      0.0      0.2     16.0
   -94.9     1001    59       18  3270     0   1620      0      0.0      0.2     15.9
   -93.9     1001    59       17  3270     0   1620      0      0.0      0.2     16.0
   -92.9     1002    59       17  3270     0   1620      0      0.0      0.2     15.9
   -91.9     1001    59       17  3270     0   1620      0      0.0      0.3     15.9
   -90.8     1117    31      147  3345     1   1694      1      3.3      3.8     22.3
   -89.8     1001    59       18  3510     0   1860      0      0.0      0.3     15.9
   -88.8     1001    59       18  3510     0   1860      0      0.0      0.3     15.9
   -87.8     1001    59       18  3510     0   1860      0      0.0      0.3     15.8
   -86.8     1001    59       18  3510     0   1860      0      0.0      0.3     15.9
   -85.8     1001    59       17  3510     0   1860      0      0.0      0.3     15.9
   -84.8     1001    59       18  3510     0   1860      0      0.0      0.3     15.9
   -83.8     1001    59       17  3510     0   1860      0      0.0      0.3     15.8
   -82.8     1002    59       20  3510     0   1860      0      0.0      0.3     15.9
   -81.8     1001    59       18  3510     0   1860      0      0.0      0.3     15.9
   -80.8     1001    59       17  3510     0   1860      0      0.0      0.3     15.9
   -79.8     1001    59       17  3510     0   1860      0      0.0      0.3     15.9
   -78.8     1034    59       51  3510     0   1860      0      0.0      0.2     16.0
   -77.8     1001    59       18  3290     0   1641      0      0.0      0.2     16.0
   -76.8     1001    59       18  3294     0   1672      0      0.0      0.3     15.9
   -75.7     1034    59       57  3549     0   1800      0      0.0      0.3     15.8
   -74.7     1001    59       19  3570     0   1800      0      0.0      0.3     16.0
   -73.7     1000    59       17  3570     0   1800      0      0.0      0.3     15.9
   -72.7     1001    59       19  3570     0   1800      0      0.0      0.3     15.8
   -71.7     1001    59       17  3570     0   1800      0      0.0      0.2     15.9
   -70.7     1001    59       17  3570     0   1800      0      0.0      0.3     15.9
   -69.7     1001    59       17  3570     0   1800      0      0.0      0.3     16.0
   -68.7     1001    59       17  3570     0   1800      0      0.0      0.3     15.8
   -67.7     1001    59       17  3570     0   1800      0      0.0      0.3     15.9
   -66.7     1001    59       17  3558     0   1800      0      0.0      0.3     15.9
   -65.7     1034    59       54  3399     0   1800      0      0.0      0.3     16.0
   -64.7     1001    59       17  3181     0   1861      0      0.0      0.2     15.9
   -63.3     1385    59      413  3439     0   1271      0      0.0      0.3     16.0
   -62.3     1001    59       17  3664     0    964      0      0.0      0.3     16.0
   -61.3     1001    59       19  3660     0    960      0      0.0      0.3     16.0
   -60.1     1168    33      193  3723     1   1010      1      2.3      2.7     20.4
   -59.1     1000    59       19  2268     0   1017      0      0.0      0.2     15.8
   -58.1     1001    59       18  1920     0    900      0      0.0      0.2     16.1
   -57.1     1001    59       17  1920     0    900      0      0.0      0.1     16.1
   -56.1     1001    59       17  1920     0    900      0      0.0      0.2     16.1
   -55.1     1001    59       17  1920     0    900      0      0.0      0.1     16.1
   -54.1     1001    59       17  1920     0    900      0      0.0      0.1     16.1
   -53.1     1001    59       18  1920     0    900      0      0.0      0.1     15.9
   -52.1     1001    59       17  1920     0    900      0      0.0      0.1     16.1
   -51.1     1001    59       18  1920     0    900      0      0.0      0.1     16.1
   -50.1     1001    59       17  1920     0    900      0      0.0      0.1     16.1
   -49.1     1001    59       17  1920     0    900      0      0.0      0.1     16.1
   -48.1     1001    59       18  1920     0    900      0      0.0      0.1     16.0
   -47.1     1001    59       17  1920     0    900      0      0.0      0.1     16.2
   -46.1     1001    59       17  1920     0    900      0      0.0      0.1     16.1
   -45.1     1001    59       17  1920     0    900      0      0.0      0.1     16.1
   -44.1     1001    59       18  1920     0    900      0      0.0      0.2     16.1
   -43.1     1001    59       18  1923     0    902      0      0.0      0.2     16.0
   -42.1     1051    59       70  1966     0    934      0      0.0      0.2     16.0
   -41.1     1001    59       17  1920     0    900      0      0.0      0.2     16.0
   -39.9     1118    59      147  2088     1    995      1      0.0      0.2     16.1
   -38.9     1001    59       18  2040     0    960      0      0.0      0.2     16.0
   -37.9     1001    59       17  2060     0    999      0      0.0      0.2     16.0
   -36.5     1418    59      337  2089     1    651      1      0.0      0.2     16.4
   -35.0     1485     2      490  2186     0    185      0      0.0      0.2     54.4
   -31.5     3522    59     2445  3534    10    568     10      0.0      0.3     15.5
   -30.5     1001    59       17  3960     0    720      0      0.0      0.3     15.5
   -29.5     1001    59       17  3874     0    677      0      0.0      0.3     15.5
   -28.5     1001    59       17  3780     0    658      0      0.0      0.2     15.5
   -26.2     2269     9     1297  1891    13    539     13    123.5    131.4    268.4
   -25.2     1001    59       21  3688     0   1048      0      0.0      0.3     15.3
   -24.2     1001    59       17  3660     0   1020      0      0.0      0.3     15.3
   -23.2     1001    59       18  3665     0   1040      0      0.0      0.4     15.4
   -22.2     1034    59       64  3150     0    808      0      0.0      0.2     15.5
   -21.2     1001    59       21  3120     0    780      0      0.0      0.2     15.4
   -19.8     1370    59      386  3228     3    828      3     68.2     72.4    156.3
   -18.8     1001    59       18  7825     2   1947      2      0.0      0.6     14.6
   -17.8     1002    59       18  7800     0   1920      0      0.0      0.6     14.8
   -16.8     1001    59       17  7736     0   1888      0      0.0      0.5     14.8
   -15.7     1151    59      170  7887     1   1822      1      0.2      0.8     15.1
     4.4    20057    59     4320  8789   162   1919    162     11.0     12.6     36.6
    19.8    15381    18     4294  8440    72   2192     72     22.4     23.2     57.1
    30.2    10480     0     4395  8608    41   2035     41    101.6    104.4    223.4
    40.8    10590    59     4406  7855    46   1959     46      0.0      0.6     14.7
    41.8     1001    59       19  8432     0   1858      0      0.0      0.6     14.6
    42.8     1001    59       31  7603     0   1800      0      0.0      0.5     14.6
    43.9     1051    59       66  7832     0   1825      0      0.0      0.6     14.5
    44.9     1068    51       61  7644     0   1800      0      0.0      0.7     13.9
    46.0     1002    59       22  7659     0   1810      0      0.0      0.6     14.7
    47.0     1000    59       34  8198     1   1925      1      0.0      0.7     13.5
    48.0     1019    59       35  8285     0   1969      0      0.0      0.7     15.3
    49.0     1018    59       48  8584     0   2053      0      0.0      0.6     14.4
    50.8     1785    59      148  8313     6   2076      6      0.2      0.8     14.5
    51.8     1034    59       54  7808     1   1866      1      0.0      0.6     14.6
    52.8     1002    59       30  8422     0   1945      0      0.0      0.6     14.5
    53.9     1085    47       64  8509     0   2040      0      0.0      0.6     14.7
    54.9     1000    59       30  8230     0   1988      0      0.0      0.6     14.5
    60.7     5855    37     4267  8467    24   2050     24      2.6      3.2     19.3
    61.8     1053    59       50  8518     0   2051      0      0.0      0.6     14.4
    62.8     1018    59       34  8431     0   2027      0      0.0      0.6     14.5
    63.9     1100    38      117  7995     2   2048      2     12.9     13.4     40.2
    65.1     1169    59      174  8294     1   1875      1      0.0      0.7     14.6
    66.1     1049    59       66  7855     0   1882      0      0.0      0.6     24.2
    67.1     1002    59       25  7560     0   1800      0      0.0      0.6     14.8
    68.1     1001    59       18  7602     0   1806      0      0.0      0.6     14.5
    69.2     1017    59       31  8541     0   1944      0      0.0      0.6     17.5
    70.1      985    59       31  7958     0   1824      0      0.0      0.6     14.6
    71.2     1034    59       57  7520     0   1801      0      0.0      0.6     14.7
    72.2     1001    59       26  7506     0   1800      0      0.0      0.5     14.7
    73.2     1001    59       31  7942     0   1826      0      0.0      0.6     14.4
    74.2     1001    59       35  7629     0   1800      0      0.0      0.5     14.7
    75.2     1002    59       34  8369     0   1853      0      0.0      0.6     14.6
    76.2     1034    59       55  8014     0   1829      0      0.0      0.5     14.6
    77.2     1003    59       30  7919     0   1850      0      0.0      0.6     14.0
    78.3     1068    59       60  8430     0   2019      0      0.0      0.6     14.8
    79.3     1018    59       35  8670     0   2084      0      0.0      0.6     14.5
    80.3     1001    59       34  8106     0   2121      0      0.0      0.6     14.6
    81.3     1034    59       54  7800     0   1905      0      0.0      0.6     14.6
    82.6     1302    59      186  7978     2   1934      2      0.0      0.6     14.6
   151.2    68586     0     3881  7613   333   1575    333    135.0    138.1    286.3
   152.2     1002    59       18  7860     0   1860      0      0.0      0.6     14.5
   153.3     1117    59      132  7799     1   1857      1      0.1      0.6     14.8
   154.5     1151    59      175  5711     4   1495      4      0.2      0.6     15.2
   155.9     1435    59      460  6319     1   1558      1      0.0      0.5     14.8
   157.0     1032    59       54  2804     0    695      0      0.0      0.0     16.3
   158.0     1002    59       36  2688     0    739      0      0.0      0.3     15.2
   159.6     1600    59      390  2108     2    917      2      0.0      0.2     16.1
   160.6     1001    59       17  2352     0    840      0      0.0      0.3     16.0
   161.6     1001    59       17  2880     0    840      0      0.0      0.2     16.0
   162.6     1001    59       33  2930     0    939      0      0.0      0.2     15.4
   164.0     1452    59      365  2123     1    205      1      0.0      0.2     16.4
   165.6     1602    59      501  2698     0    325      0      0.0      0.3     15.8
   166.6     1000    59       17  3957     0    733      0      0.0      0.3     15.4
   167.9     1270    35      164  7715     2   1888      2      1.2      1.8     16.9
   168.9     1001    59       18  7920     0   1920      0      0.0      0.6     14.6
   169.9     1001    59       17  7872     0   1896      0      0.0      0.6     14.6
   170.9     1005    59       32  7727     0   1804      0      0.0      0.6     15.4
   171.9     1001    59       26  8060     0   1821      0      0.0      0.6     15.2
   172.9      997    59       26  7580     0   1800      0      0.0      0.6     14.7
   173.9     1001    60       35  7826     0   1808      0      0.0      0.6     14.4
   174.9     1051    59       64  8048     0   1818      0      0.0      0.6     14.6
   176.0     1010    59       26  8272     0   1834      0      0.0      0.6     16.5
   177.0      992    59       26  7783     0   1800      0      0.0      0.6     14.6
   178.0     1001    59       37  7782     0   1800      0      0.0      0.6     14.6
   179.0     1018    55       36  8609     0   1834      0      0.0      0.6     14.9
   180.0     1001    59       31  8315     0   1839      0      0.0      0.6     14.7
   181.0     1018    59       50  7938     0   1812      0      0.0      0.6     14.7
   182.0     1002    59       32  7759     0   1800      0      0.0      0.6     14.6
   183.5     1519    47      486  8239     1   1886      1      2.5      3.3     19.7
   184.5     1035    51       44  9017     0   2187      0      0.0      0.8     14.2
   185.8     1282    59      310  8150     2   2073      2      0.0      0.6     14.7
   186.8     1001    59       29  7838     0   1808      0      0.0      0.6     14.4
   187.9     1034    52       57  8819     0   1854      0      0.0      0.6     15.3
   188.9     1002    59       28  8033     0   1820      0      0.0      0.6     14.8
   189.9     1034    51       58  8365     0   1840      0      0.0      0.6     14.8
   191.0     1078    42       93  7776     0   1800      0      0.0      0.6     14.6
   192.0     1002    59       26  8242     0   1931      0      0.0      0.6     14.5
   193.0     1001    59       18  8092     0   1867      0      0.0      0.6     14.6
   194.0     1035    59       58  8201     0   2021      0      0.0      0.6     14.3
   195.0     1000    59       24  7786     0   1824      0      0.0      0.6     14.6
   196.0     1001    59       24  7740     0   1800      0      0.0      0.6     14.7
   197.0     1001    59       29  7754     0   1800      0      0.0      0.6     14.7
   198.0     1019    59       35  8156     0   1905      0      0.0      0.6     14.5
   199.0     1001    59       34  8958     0   2090      0      0.0      0.6     14.5
   200.1     1035    52       36  8264     0   2020      0      0.0      0.7     16.3
   201.1     1068    59       67  8968     0   2179      0      0.0      0.6     14.2
   202.3     1168    59      168  8499     1   2072      1      0.1      0.7     14.0
   203.3     1016    59       50  7703     1   1821      1      0.0      0.6     14.6
   204.3     1020    59       46  8439     0   1945      0      0.0      0.6     14.4
   205.3     1000    59       25  8055     0   1837      0      0.0      0.6     14.7
   206.4     1025    59       38  8403     0   1941      0      0.0      0.7     15.6
   207.4     1043    59       58  8521     0   1849      0      0.0      0.6     15.2
   208.4     1001    59       22  7623     0   1800      0      0.0      0.6     14.7
   209.4     1006    59       34  7877     0   1836      0      0.0      0.6     15.4
   210.5     1063    59       76  8077     0   2009      0      0.0      0.6     14.7
   211.5     1000    59       26  7686     0   1814      0      0.0      0.6     14.5
   212.5     1001    59       25  7706     0   1800      0      0.0      0.6     14.6
   213.5     1001    59       17  7750     0   1800      0      0.0      0.6     14.7
   214.5     1001    58       34  7747     0   1800      0      0.0      0.6     13.9
   215.5     1001    59       39  7797     0   1822      0      0.0      0.6     14.6
   216.5     1019    59       42  8074     0   1973      0      0.0      0.6     14.6
   217.5     1000    59       29  8006     0   1924      0      0.0      0.6     14.5
   218.5     1001    59       21  7742     0   1800      0      0.0      0.6     14.7
   219.5     1002    59       33  8185     0   1931      0      0.0      0.6     14.2
   220.5     1018    59       35  8267     0   1835      0      0.0      0.7     14.6
   221.5     1011    59       31  7868     0   1810      0      0.0      0.6     16.7
   222.5     1007    59       48  7759     0   1800      0      0.0      0.6     14.5
   223.5     1002    59       27  8299     0   1898      0      0.0      0.6     14.4
   224.6     1016    59       47  8302     0   1865      0      0.0      0.6     14.7
   225.6     1013    59       29  8564     0   1849      0      0.0      0.6     17.1
   226.6      989    59       27  8252     0   1829      0      0.0      0.6     14.7
   227.6     1002    57       34  8070     0   1858      0      0.0      0.7     13.7
   228.6     1035    59       57  8549     0   2025      0      0.0      0.6     14.7
   229.7     1050    59       67  8805     0   2120      0      0.0      0.6     14.4
   230.7     1018    59       34  8151     0   2083      0      0.0      0.6     14.4
   231.7     1001    59       24  7932     0   1915      0      0.0      0.6     14.5
   232.7     1001    59       25  8434     0   1963      0      0.0      0.6     14.5
   233.7     1000    59       17  8061     0   1941      0      0.0      0.6     14.6
   234.7     1001    59       17  7980     0   1860      0      0.0      0.6     14.6
   235.7     1000    59       18  7675     0   1816      0      0.0      0.5     14.7
   236.7     1001    60       29  5999     0   1529      0      0.0      0.5     14.9
   237.7     1067    59       60   979     0    209      0      0.0      0.2     17.4
   239.1     1367    17      389  3673     0   1049      0      0.0      0.3     39.2
   240.1     1001    59       39  1959     0    919      0      0.0      0.2     16.1
   241.1     1001    59       17  2670     0    840      0      0.0      0.2     16.1
   242.1     1001    59       17  3000     0    840      0      0.0      0.2     16.1
   243.1     1001    59       20  3044     0    927      0      0.0      0.2     15.9
   245.2     2102    59      778  2005     6   1011      6      0.0      0.2     16.1
   246.2     1001    59       18  1953     0   1020      0      0.0      0.2     16.1
   247.2     1001    59       19  1980     0   1020      0      0.0      0.2     16.1
   248.2     1001    59       19  1980     0   1020      0      0.0      0.2     16.1
   249.2     1001    59       19  1980     0   1020      0      0.0      0.2     16.1
   250.2     1001    59       17  2011     0   1051      0      0.0      0.2     16.1
   252.0     1752    59      660  2664     1    475      1      0.1      0.3     16.3
   253.0     1001    59       18  3154     0    127      0      0.0      0.2     16.2
   254.1     1132    59      149  3118     2     22      2     26.0     26.5     68.4
   255.1      987    59       23  3210     0   1440      0      0.0      0.3     15.8
   256.1     1017    56       45  3217     0   1406      0      0.0      0.3     15.8
   257.1     1001    59       18  3165     0   1409      0      0.0      0.3     15.9
   258.5     1401    59      426  3301     0   1266      0      0.0      0.3     16.2
   259.5     1001    59       18  3680     0    980      0      0.0      0.3     16.0
   260.5     1001    59       18  3660     0    960      0      0.0      0.3     16.1
   261.5     1001    59       20  3660     0    960      0      0.0      0.3     15.9
   262.7     1151    59      170  2827     1   1115      1      0.0      0.2     16.1
   263.7     1001    59       22  1983     0    950      0      0.0      0.1     16.1
   264.7     1035    59       57  1966     0    946      0      0.0      0.2     16.1
   265.7     1034    59       63  1972     0    952      0      0.0      0.1     16.0
   266.7     1001    59       28  2021     0    988      0      0.0      0.2     16.0
   267.7     1001    59       17  1955     0    927      0      0.0      0.2     16.2
   268.7     1001    59       23  1969     0    944      0      0.0      0.2     15.9
   269.7     1001    59       25  1972     0    952      0      0.0      0.2     16.0
   270.7     1001    59       31  2013     0    980      0      0.0      0.2     16.1
   271.7     1001    59       30  1961     0    941      0      0.0      0.1     16.1
   272.7     1001    59       17  1969     0    936      0      0.0      0.1     16.1
   273.7     1001    59       24  1968     0    948      0      0.0      0.2     16.1
   274.7     1001    59       32  1972     0    952      0      0.0      0.2     15.6
   275.7     1001    59       22  1972     0    952      0      0.0      0.2     16.1
   276.9     1168    19      192  2000     1    951      1      1.5      1.7     19.0
   277.9     1001    59       25  2049     0    969      0      0.0      0.2     16.1
   278.9     1001    59       28  2078     0   1021      0      0.0      0.2     16.1
   280.0     1056    55       54  1972     0    952      0      0.0      0.2     16.2
   281.0     1034    59       52  1945     0    925      0      0.0      0.1     16.1
   282.0     1001    59       18  1987     0    954      0      0.0      0.2     16.1
   283.1     1068    59       60  1971     0    951      0      0.0      0.2     16.1
   284.1     1001    59       19  1970     0    950      0      0.0      0.2     16.0
   285.1     1001    59       25  1962     0    942      0      0.0      0.2     16.1
   286.1     1001    59       17  2049     0    976      0      0.0      0.2     16.1
   287.1     1034    59       63  2074     0    986      0      0.0      0.2     15.8
   288.1     1001    59       24  2018     0    990      0      0.0      0.2     15.9
   289.1     1000    59       21  1972     0    952      0      0.0      0.2     16.0
   290.1     1003    59       25  1965     0    933      0      0.0      0.3     16.3
   291.1      999    59       28  1960     0    939      0      0.0      0.1     16.2
   292.1     1001    59       34  2070     0    996      0      0.0      0.2     16.1
   293.2     1051    47       72  2095     0   1006      0      0.0      0.2     16.5
   294.2     1034    59       61  1975     0    955      0      0.0      0.1     16.1
   295.2     1001    59       17  1979     0    946      0      0.0      0.2     16.1
   296.2     1001    59       24  1973     0    953      0      0.0      0.1     16.0
   297.2     1001    59       32  1972     0    952      0      0.0      0.2     16.0
   298.2     1001    59       21  2012     0    979      0      0.0      0.2     16.1
   299.2     1001    59       34  1967     0    934      0      0.0      0.2     16.1
   300.2     1001    59       21  1958     0    938      0      0.0      0.2     15.9
   301.2     1001    59       28  2072     0    994      0      0.0      0.2     16.1
   302.2     1001    59       17  2101     0   1016      0      0.0      0.2     16.1
   303.2     1003    59       19  1961     0    941      0      0.0      0.2     16.3
   304.2     1016    59       50  1976     0    943      0      0.0      0.2     17.5
   305.2     1001    59       26  1973     0    953      0      0.0      0.2     16.1
   306.2     1001    59       19  1972     0    952      0      0.0      0.2     16.1
   307.3     1034    59       55  2018     0    985      0      0.0      0.2     16.1
   308.3     1001    59       18  1969     0    936      0      0.0      0.2     16.2
   309.3     1051    59       75  1960     0    940      0      0.0      0.2     16.1
   310.3     1001    59       21  1972     0    952      0      0.0      0.2     16.0
   311.3     1018    55       46  2017     0    984      0      0.0      0.1     16.9
   312.3     1001    59       19  1950     0    927      0      0.0      0.1     16.1
   313.3     1001    59       32  1982     0    952      0      0.0      0.2     16.2
   314.4     1034    59       54  1969     0    949      0      0.0      0.1     15.9
   315.4     1001    59       43  1972     0    952      0      0.0      0.2     15.9
   316.4     1002    59       19  1958     0    938      0      0.0      0.2     16.0
   317.4     1000    59       28  2043     0    973      0      0.0      0.2     16.0
   318.4     1001    59       17  2060     0    975      0      0.0      0.2     16.0
   319.4     1001    59       36  2036     0   1002      0      0.0      0.2     15.7
   320.4     1001    59       19  1972     0    952      0      0.0      0.2     16.1
   321.4     1001    59       33  1955     0    927      0      0.0      0.2     15.7
   322.4     1001    59       20  1968     0    943      0      0.0      0.2     16.1
   323.4     1034    59       55  1972     0    952      0      0.0      0.2     15.7
   324.5     1068    52       60  2008     0    976      0      0.0      0.2     17.2
   325.5     1001    59       32  1967     0    946      0      0.0      0.1     16.2
   326.5     1001    59       18  1970     0    937      0      0.0      0.1     16.2
   327.6     1101    59       75  1973     0    953      0      0.0      0.1     17.5
   328.6     1001    59       22  1972     0    952      0      0.0      0.1     16.2
   329.6     1001    59       27  1972     0    952      0      0.0      0.2     16.1
   330.6     1001    59       20  2026     0    966      0      0.0      0.2     16.1
   331.6     1001    59       24  2040     0    960      0      0.0      0.2     16.0
   332.6     1001    59       18  2074     0   1023      0      0.0      0.1     16.0
   333.6     1017    59       50  1970     0    950      0      0.0      0.1     16.1
   334.6     1001    59       40  1939     0    919      0      0.0      0.1     16.1
   335.6     1001    59       31  1987     0    954      0      0.0      0.2     16.1
   336.6     1001    59       28  1971     0    951      0      0.0      0.1     16.1
   337.6     1034    51       60  1970     0    950      0      0.0      0.2     16.7
   338.7     1018    55       47  1962     0    942      0      0.0      0.1     16.2
   339.7     1001    59       28  2049     0    976      0      0.0      0.2     16.1
   340.7     1001    59       30  2072     0    985      0      0.0      0.2     15.6
   341.7     1035    51       62  2024     0    994      0      0.0      0.2     18.1
   342.7     1001    59       28  1972     0    952      0      0.0      0.2     16.1
   343.7     1018    55       48  1968     0    935      0      0.0      0.2     16.3
   344.7     1001    59       36  1958     0    938      0      0.0      0.1     16.1
   345.7     1001    59       22  2073     0    996      0      0.0      0.2     16.1
   346.7     1001    59       27  2098     0   1010      0      0.0      0.2     15.9
   347.7     1001    59       20  1970     0    950      0      0.0      0.2     16.1
   348.7     1001    59       19  1973     0    940      0      0.0      0.2     15.9
   349.7     1001    59       27  2026     0    980      0      0.0      0.2     16.0
   350.7     1001    59       17  2053     0    972      0      0.0      0.2     16.0
   351.7     1001    59       17  2081     0   1022      0      0.0      0.2     16.1
   352.7     1001    59       21  1972     0    939      0      0.0      0.2     16.1
   353.8     1034    59       54  1960     0    940      0      0.0      0.1     16.1
   354.8     1001    59       32  1972     0    952      0      0.0      0.2     15.9
   355.8     1005    59       34  2021     0    988      0      0.0      0.2     16.8
   356.8      997    59       30  1943     0    923      0      0.0      0.1     16.1
   357.8     1035    59       57  1983     0    950      0      0.0      0.1     16.2
   358.8     1001    59       21  1973     0    953      0      0.0      0.1     16.0
   359.8     1001    59       31  1968     0    948      0      0.0      0.2     16.1
   360.8     1001    59       19  1966     0    946      0      0.0      0.2     16.0
   361.8     1001    59       21  2029     0    966      0      0.0      0.2     16.1
   362.8     1001    59       17  2040     0    960      0      0.0      0.2     16.1
   363.8     1001    59       25  2066     0   1019      0      0.0      0.1     16.1
   364.8     1018    59       45  1972     0    952      0      0.0      0.2     16.1
   365.8     1004    59       20  1949     0    925      0      0.0      0.2     16.7
   366.8     1000    59       18  1980     0    951      0      0.0      0.2     16.5
   367.8      999    60       35  1969     0    949      0      0.0      0.1     16.1
   368.8     1001    59       24  2005     0    974      0      0.0      0.2     16.0
   369.8     1001    59       33  1973     0    951      0      0.0      0.2     16.0
   370.8     1001    59       17  1969     0    936      0      0.0      0.1     16.1
   371.8     1001    59       32  1973     0    953      0      0.0      0.2     15.6
   372.8     1001    59       17  1972     0    952      0      0.0      0.1     16.1
   373.8     1001    59       24  2021     0    988      0      0.0      0.2     16.1
   374.8     1001    59       31  1966     0    933      0      0.0      0.2     16.1
   375.8     1001    59       33  1958     0    938      0      0.0      0.1     16.0
   376.8     1001    59       22  1972     0    952      0      0.0      0.2     16.0
   377.9     1018    59       48  1972     0    952      0      0.0      0.2     16.1
   378.9     1051    59       72  1946     0    926      0      0.0      0.2     16.1
   380.0     1051    59       66  2085     0    994      0      0.0      0.2     16.0
   381.0     1035    59       55  2095     0   1022      0      0.0      0.2     16.1
   382.0     1001    59       22  1970     0    950      0      0.0      0.2     16.0
   383.0     1001    59       25  1962     0    942      0      0.0      0.2     16.1
   384.0     1001    59       18  1969     0    936      0      0.0      0.2     16.1
   385.0     1001    59       31  1966     0    946      0      0.0      0.2     16.1
   386.0     1001    59       27  1972     0    952      0      0.0      0.1     16.1
   387.0     1034    51       54  2021     0    988      0      0.0      0.2     16.1
   388.0     1001    59       34  1961     0    931      0      0.0      0.2     15.8
   389.0     1001    59       19  1965     0    942      0      0.0      0.1     16.2
   390.0     1001    59       19  1972     0    952      0      0.0      0.2     16.1
   391.1     1035    59       52  1934     0    914      0      0.0      0.2     16.0
   392.1     1001    59       17  1920     0    900      0      0.0      0.2     16.1
   393.1     1002    59       18  1920     0    900      0      0.0      0.2     16.2
   394.1     1001    59       17  1920     0    900      0      0.0      0.2     16.2
   395.1     1002    59       17  1920     0    900      0      0.0      0.1     16.2
