== A 1-1790730667-uberspike569-2559714
     t+s   n   gfps   GPU ms   links next=built/fail/swapped
       0  22   42.0     20.7         
      30  27   59.0     13.4         
      60  19   59.0     12.7         
      90  19   37.0     23.7         
     120  21   39.0     23.2         
     150  29   59.0     11.2         
     180  22   43.0     20.3         
     210   3   44.0     18.9         
== B 1-1790730668-uberspike569-2559794
     t+s   n   gfps   GPU ms   links next=built/fail/swapped
       0  21   43.0     21.1      71 70/0/64
      30  29   59.0     14.4      71 70/0/64
      60  21   59.0     10.5     129 105/0/87
      90  16   32.5     25.8     129 105/0/87
     120  15   30.0     28.0     157 156/0/128
     150  12   28.5     25.1     641 216/0/167
     180  19   39.0     17.1     641 216/0/167
     210   3   59.0     14.2     641 216/0/167
== H 1-1790730669-uberspike569-2559870
     t+s   n   gfps   GPU ms   links next=built/fail/swapped
       0  11   22.0     42.4      67 0/0/0
      30  11   22.0     43.2      67 0/0/0
      60  17   43.0     24.3      97 0/0/0
      90   7   12.0     75.3      97 0/0/0
     120   6   11.5     73.5      97 0/0/0
     150   7   13.0     70.8     129 0/0/0
     180   6   12.0     74.5     129 0/0/0
     210   1   12.0     78.6     129 0/0/0
