# hakuX #462 signal timing: ST_CB_1_Empty
freq_hz 3375000
quads 0
target_switch 0
callbacks_per_frame 1
reps 300
timeouts 0
busy_timeouts 0
stale_callback_times 0
kick_to_callback_handled n=300 median=13.630 p5=13.333 p95=13.926 min=13.333 max=21.630 us
last_callback_handled_to_semaphore_seen n=300 median=8.000 p5=7.704 p95=8.000 min=7.704 max=8.296 us
final_kick_to_semaphore n=300 median=18.370 p5=18.074 p95=18.370 min=17.778 max=26.370 us
frame(first_draw_to_semaphore) n=300 median=23.111 p5=22.815 p95=23.704 min=22.815 max=31.111 us
# raw, counter ticks unless named
start	final_kick	semaphore_seen	callbacks_seen	kick_0	dpc_0
3789385069	3789385094	3789385164	1	3789385077	3789385136
3789385222	3789385239	3789385301	1	3789385227	3789385274
3789385340	3789385357	3789385418	1	3789385345	3789385391
3789385460	3789385477	3789385539	1	3789385465	3789385512
3789385568	3789385593	3789385654	1	3789385581	3789385627
3789385699	3789385716	3789385778	1	3789385704	3789385751
3789385805	3789385822	3789385884	1	3789385810	3789385857
3789385910	3789385927	3789385989	1	3789385915	3789385962
3789386016	3789386032	3789386094	1	3789386021	3789386067
3789386143	3789386160	3789386222	1	3789386148	3789386195
3789386249	3789386266	3789386328	1	3789386254	3789386301
3789386356	3789386372	3789386434	1	3789386361	3789386407
3789386461	3789386477	3789386539	1	3789386466	3789386512
3789386566	3789386582	3789386644	1	3789386571	3789386617
3789386671	3789386687	3789386749	1	3789386676	3789386722
3789386776	3789386792	3789386854	1	3789386781	3789386827
3789386880	3789386897	3789386957	1	3789386885	3789386931
3789387037	3789387054	3789387116	1	3789387042	3789387089
3789387143	3789387160	3789387221	1	3789387148	3789387194
3789387248	3789387265	3789387327	1	3789387253	3789387299
3789387357	3789387373	3789387435	1	3789387362	3789387408
3789387464	3789387480	3789387542	1	3789387469	3789387515
3789387571	3789387588	3789387649	1	3789387577	3789387623
3789387677	3789387693	3789387755	1	3789387682	3789387728
3789387783	3789387800	3789387862	1	3789387788	3789387835
3789387889	3789387905	3789387967	1	3789387894	3789387940
3789387994	3789388011	3789388073	1	3789387999	3789388046
3789388100	3789388116	3789388178	1	3789388105	3789388151
3789388206	3789388222	3789388283	1	3789388211	3789388256
3789388310	3789388327	3789388389	1	3789388315	3789388362
3789388417	3789388433	3789388494	1	3789388422	3789388467
3789388520	3789388536	3789388598	1	3789388525	3789388571
3789388625	3789388641	3789388703	1	3789388630	3789388676
3789388812	3789388830	3789388892	1	3789388818	3789388865
3789388921	3789388938	3789389007	1	3789388926	3789388980
3789389034	3789389050	3789389112	1	3789389039	3789389085
3789389138	3789389154	3789389216	1	3789389143	3789389189
3789389243	3789389259	3789389321	1	3789389248	3789389294
3789389349	3789389366	3789389428	1	3789389354	3789389401
3789389455	3789389471	3789389533	1	3789389460	3789389506
3789389560	3789389577	3789389639	1	3789389565	3789389612
3789389666	3789389683	3789389745	1	3789389671	3789389718
3789389773	3789389790	3789389852	1	3789389778	3789389825
3789389879	3789389896	3789389958	1	3789389884	3789389931
3789389985	3789390001	3789390063	1	3789389990	3789390036
3789390090	3789390107	3789390169	1	3789390095	3789390142
3789390195	3789390212	3789390274	1	3789390201	3789390247
3789390301	3789390317	3789390379	1	3789390306	3789390352
3789390406	3789390422	3789390483	1	3789390411	3789390456
3789390510	3789390526	3789390587	1	3789390515	3789390561
3789390614	3789390631	3789390692	1	3789390620	3789390665
3789390719	3789390735	3789390797	1	3789390724	3789390770
3789390823	3789390839	3789390901	1	3789390828	3789390874
3789390928	3789390944	3789391005	1	3789390933	3789390979
3789391032	3789391048	3789391110	1	3789391037	3789391083
3789391137	3789391154	3789391216	1	3789391142	3789391189
3789391243	3789391259	3789391321	1	3789391248	3789391294
3789391348	3789391364	3789391425	1	3789391353	3789391398
3789391453	3789391470	3789391532	1	3789391458	3789391505
3789391559	3789391575	3789391637	1	3789391564	3789391609
3789391664	3789391681	3789391742	1	3789391669	3789391715
3789391769	3789391786	3789391848	1	3789391774	3789391821
3789391874	3789391890	3789391952	1	3789391879	3789391925
3789391979	3789391996	3789392058	1	3789391984	3789392031
3789392084	3789392101	3789392163	1	3789392090	3789392136
3789392300	3789392316	3789392405	1	3789392305	3789392378
3789392432	3789392449	3789392511	1	3789392438	3789392484
3789392539	3789392555	3789392616	1	3789392544	3789392589
3789392643	3789392659	3789392721	1	3789392648	3789392694
3789392748	3789392764	3789392826	1	3789392753	3789392799
3789392852	3789392869	3789392930	1	3789392857	3789392903
3789392956	3789392973	3789393034	1	3789392961	3789393007
3789393061	3789393077	3789393139	1	3789393066	3789393112
3789393252	3789393270	3789393332	1	3789393258	3789393305
3789393359	3789393375	3789393437	1	3789393364	3789393410
3789393463	3789393479	3789393541	1	3789393468	3789393514
3789393568	3789393585	3789393646	1	3789393573	3789393619
3789393673	3789393690	3789393751	1	3789393678	3789393724
3789393778	3789393795	3789393856	1	3789393784	3789393829
3789393882	3789393899	3789393960	1	3789393887	3789393933
3789393987	3789394004	3789394066	1	3789393992	3789394039
3789394092	3789394109	3789394171	1	3789394097	3789394144
3789394198	3789394214	3789394275	1	3789394203	3789394248
3789394302	3789394318	3789394380	1	3789394307	3789394353
3789394407	3789394423	3789394484	1	3789394412	3789394457
3789394511	3789394527	3789394589	1	3789394516	3789394562
3789394616	3789394632	3789394694	1	3789394621	3789394667
3789394721	3789394738	3789394799	1	3789394726	3789394772
3789394826	3789394842	3789394904	1	3789394831	3789394877
3789394932	3789394948	3789395010	1	3789394937	3789394983
3789395037	3789395053	3789395115	1	3789395042	3789395088
3789395144	3789395161	3789395223	1	3789395149	3789395196
3789395250	3789395267	3789395329	1	3789395255	3789395302
3789395357	3789395373	3789395435	1	3789395362	3789395408
3789395462	3789395478	3789395540	1	3789395467	3789395513
3789395567	3789395584	3789395646	1	3789395572	3789395619
3789395673	3789395690	3789395775	1	3789395679	3789395748
3789395802	3789395819	3789395881	1	3789395807	3789395854
3789395908	3789395924	3789395986	1	3789395913	3789395959
3789396012	3789396029	3789396091	1	3789396018	3789396064
3789396118	3789396135	3789396196	1	3789396123	3789396169
3789396223	3789396240	3789396301	1	3789396228	3789396274
3789396328	3789396345	3789396406	1	3789396333	3789396379
3789396433	3789396450	3789396511	1	3789396438	3789396484
3789396538	3789396555	3789396617	1	3789396543	3789396590
3789396644	3789396661	3789396722	1	3789396649	3789396695
3789396748	3789396765	3789396826	1	3789396753	3789396799
3789396853	3789396869	3789396931	1	3789396858	3789396904
3789396959	3789396975	3789397037	1	3789396964	3789397010
3789397064	3789397081	3789397143	1	3789397069	3789397116
3789397169	3789397186	3789397248	1	3789397175	3789397221
3789397274	3789397291	3789397352	1	3789397279	3789397325
3789397379	3789397396	3789397457	1	3789397384	3789397430
3789397484	3789397500	3789397561	1	3789397489	3789397534
3789397588	3789397604	3789397666	1	3789397593	3789397639
3789397692	3789397708	3789397770	1	3789397697	3789397743
3789397798	3789397814	3789397875	1	3789397803	3789397848
3789397903	3789397919	3789397981	1	3789397908	3789397954
3789398008	3789398024	3789398086	1	3789398013	3789398059
3789398113	3789398130	3789398192	1	3789398118	3789398165
3789398219	3789398236	3789398297	1	3789398224	3789398271
3789398324	3789398340	3789398402	1	3789398329	3789398375
3789398428	3789398445	3789398506	1	3789398433	3789398479
3789398534	3789398551	3789398613	1	3789398539	3789398586
3789398640	3789398656	3789398718	1	3789398645	3789398691
3789398745	3789398762	3789398824	1	3789398750	3789398797
3789398851	3789398868	3789398929	1	3789398856	3789398902
3789398955	3789398972	3789399034	1	3789398960	3789399007
3789399061	3789399085	3789399146	1	3789399066	3789399119
3789399371	3789399389	3789399451	1	3789399377	3789399424
3789399478	3789399495	3789399556	1	3789399483	3789399529
3789399583	3789399600	3789399662	1	3789399588	3789399635
3789399689	3789399705	3789399767	1	3789399694	3789399740
3789399794	3789399811	3789399873	1	3789399799	3789399846
3789399900	3789399916	3789399977	1	3789399905	3789399951
3789400004	3789400021	3789400082	1	3789400009	3789400055
3789400109	3789400125	3789400187	1	3789400114	3789400160
3789400214	3789400230	3789400292	1	3789400219	3789400265
3789400319	3789400335	3789400397	1	3789400324	3789400370
3789400424	3789400441	3789400503	1	3789400429	3789400476
3789400531	3789400547	3789400609	1	3789400536	3789400582
3789400636	3789400653	3789400714	1	3789400641	3789400687
3789400741	3789400758	3789400819	1	3789400746	3789400792
3789400846	3789400863	3789400925	1	3789400852	3789400898
3789400952	3789400969	3789401031	1	3789400957	3789401004
3789401059	3789401076	3789401138	1	3789401064	3789401111
3789401165	3789401182	3789401243	1	3789401170	3789401216
3789401270	3789401286	3789401348	1	3789401275	3789401321
3789401375	3789401391	3789401453	1	3789401380	3789401426
3789401480	3789401497	3789401559	1	3789401485	3789401532
3789401586	3789401603	3789401664	1	3789401591	3789401637
3789401691	3789401708	3789401769	1	3789401696	3789401742
3789401796	3789401812	3789401874	1	3789401801	3789401847
3789401901	3789401917	3789401979	1	3789401906	3789401952
3789402006	3789402022	3789402084	1	3789402011	3789402057
3789402111	3789402128	3789402190	1	3789402116	3789402163
3789402218	3789402234	3789402296	1	3789402223	3789402269
3789402324	3789402340	3789402401	1	3789402329	3789402374
3789402428	3789402444	3789402528	1	3789402433	3789402501
3789402556	3789402572	3789402634	1	3789402561	3789402607
3789402660	3789402677	3789402738	1	3789402665	3789402711
3789402765	3789402782	3789402843	1	3789402770	3789402816
3789402870	3789402886	3789402948	1	3789402875	3789402921
3789402974	3789402990	3789403052	1	3789402979	3789403025
3789403079	3789403096	3789403157	1	3789403084	3789403131
3789403184	3789403201	3789403262	1	3789403190	3789403235
3789403289	3789403306	3789403368	1	3789403294	3789403341
3789403394	3789403411	3789403473	1	3789403400	3789403446
3789403500	3789403517	3789403578	1	3789403505	3789403551
3789403605	3789403622	3789403684	1	3789403610	3789403657
3789403712	3789403728	3789403790	1	3789403717	3789403763
3789403818	3789403834	3789403896	1	3789403823	3789403869
3789403923	3789403940	3789404002	1	3789403928	3789403975
3789404029	3789404046	3789404108	1	3789404034	3789404081
3789404135	3789404152	3789404213	1	3789404140	3789404186
3789404240	3789404257	3789404318	1	3789404245	3789404291
3789404345	3789404362	3789404424	1	3789404350	3789404397
3789404451	3789404467	3789404529	1	3789404456	3789404502
3789404555	3789404572	3789404633	1	3789404560	3789404606
3789404660	3789404676	3789404737	1	3789404665	3789404711
3789404763	3789404780	3789404842	1	3789404769	3789404815
3789404870	3789404886	3789404948	1	3789404875	3789404921
3789404975	3789404992	3789405054	1	3789404981	3789405027
3789405080	3789405097	3789405159	1	3789405085	3789405132
3789405186	3789405203	3789405264	1	3789405191	3789405237
3789405292	3789405308	3789405370	1	3789405297	3789405343
3789405396	3789405413	3789405474	1	3789405402	3789405447
3789405501	3789405518	3789405580	1	3789405506	3789405553
3789405607	3789405623	3789405685	1	3789405612	3789405658
3789405712	3789405729	3789405790	1	3789405717	3789405763
3789405817	3789405842	3789405903	1	3789405830	3789405876
3789405931	3789405947	3789406009	1	3789405936	3789405982
3789406036	3789406052	3789406113	1	3789406041	3789406086
3789406140	3789406157	3789406219	1	3789406145	3789406192
3789406246	3789406263	3789406324	1	3789406251	3789406297
3789406351	3789406367	3789406429	1	3789406356	3789406402
3789406456	3789406472	3789406534	1	3789406461	3789406507
3789406561	3789406577	3789406639	1	3789406566	3789406612
3789406665	3789406682	3789406743	1	3789406670	3789406716
3789406771	3789406787	3789406849	1	3789406776	3789406822
3789406875	3789406892	3789406954	1	3789406880	3789406927
3789406981	3789406997	3789407058	1	3789406986	3789407031
3789407085	3789407101	3789407163	1	3789407090	3789407136
3789407190	3789407206	3789407268	1	3789407195	3789407241
3789407295	3789407312	3789407373	1	3789407300	3789407347
3789407400	3789407417	3789407478	1	3789407405	3789407451
3789407506	3789407523	3789407584	1	3789407511	3789407557
3789407612	3789407628	3789407690	1	3789407617	3789407663
3789407717	3789407733	3789407795	1	3789407722	3789407768
3789407822	3789407839	3789407901	1	3789407827	3789407874
3789407928	3789407944	3789408006	1	3789407933	3789407979
3789408033	3789408050	3789408111	1	3789408038	3789408084
3789408138	3789408154	3789408216	1	3789408143	3789408189
3789408244	3789408260	3789408322	1	3789408249	3789408295
3789408348	3789408365	3789408427	1	3789408354	3789408400
3789408454	3789408471	3789408532	1	3789408459	3789408505
3789408559	3789408575	3789408637	1	3789408564	3789408610
3789408664	3789408681	3789408743	1	3789408669	3789408716
3789408770	3789408787	3789408848	1	3789408775	3789408821
3789408874	3789408891	3789408953	1	3789408879	3789408926
3789408980	3789408996	3789409058	1	3789408985	3789409031
3789409085	3789409102	3789409163	1	3789409090	3789409136
3789409190	3789409214	3789409276	1	3789409203	3789409249
3789409303	3789409320	3789409382	1	3789409308	3789409355
3789409409	3789409425	3789409487	1	3789409414	3789409460
3789409514	3789409531	3789409592	1	3789409519	3789409565
3789409619	3789409635	3789409697	1	3789409624	3789409670
3789409725	3789409741	3789409803	1	3789409730	3789409776
3789409830	3789409846	3789409908	1	3789409835	3789409881
3789409935	3789409952	3789410014	1	3789409941	3789409987
3789410041	3789410058	3789410119	1	3789410046	3789410092
3789410146	3789410163	3789410224	1	3789410151	3789410197
3789410251	3789410268	3789410330	1	3789410256	3789410303
3789410357	3789410374	3789410436	1	3789410362	3789410409
3789410463	3789410479	3789410541	1	3789410468	3789410514
3789410568	3789410585	3789410646	1	3789410573	3789410619
3789410673	3789410690	3789410751	1	3789410678	3789410724
3789410778	3789410795	3789410857	1	3789410783	3789410830
3789410884	3789410900	3789410962	1	3789410889	3789410935
3789410989	3789411005	3789411067	1	3789410994	3789411040
3789411095	3789411111	3789411172	1	3789411100	3789411146
3789411199	3789411215	3789411277	1	3789411204	3789411250
3789411304	3789411320	3789411382	1	3789411309	3789411355
3789411408	3789411425	3789411486	1	3789411413	3789411459
3789411513	3789411530	3789411591	1	3789411518	3789411564
3789411619	3789411636	3789411697	1	3789411624	3789411670
3789411724	3789411740	3789411801	1	3789411729	3789411774
3789411827	3789411844	3789411906	1	3789411832	3789411879
3789411933	3789411949	3789412011	1	3789411938	3789411984
3789412038	3789412054	3789412115	1	3789412043	3789412089
3789412141	3789412158	3789412219	1	3789412146	3789412192
3789412246	3789412262	3789412324	1	3789412251	3789412297
3789412351	3789412368	3789412430	1	3789412356	3789412403
3789412458	3789412475	3789412537	1	3789412463	3789412510
3789412563	3789412588	3789412649	1	3789412569	3789412622
3789412676	3789412693	3789412754	1	3789412681	3789412727
3789412780	3789412797	3789412858	1	3789412785	3789412831
3789413263	3789413280	3789413345	1	3789413268	3789413319
3789413373	3789413390	3789413452	1	3789413378	3789413425
3789413480	3789413496	3789413557	1	3789413485	3789413530
3789413584	3789413600	3789413662	1	3789413589	3789413635
3789413688	3789413705	3789413767	1	3789413693	3789413740
3789413795	3789413812	3789413874	1	3789413800	3789413847
3789413901	3789413918	3789413979	1	3789413906	3789413952
3789414006	3789414023	3789414085	1	3789414011	3789414058
3789414112	3789414128	3789414189	1	3789414117	3789414163
3789414216	3789414232	3789414294	1	3789414221	3789414267
3789414321	3789414337	3789414399	1	3789414326	3789414372
3789414426	3789414443	3789414504	1	3789414431	3789414477
3789414530	3789414547	3789414609	1	3789414535	3789414582
3789414636	3789414652	3789414713	1	3789414641	3789414686
3789414740	3789414756	3789414818	1	3789414745	3789414791
3789414844	3789414860	3789414921	1	3789414849	3789414894
3789414948	3789414964	3789415026	1	3789414953	3789414999
3789415053	3789415069	3789415131	1	3789415058	3789415104
3789415158	3789415175	3789415237	1	3789415163	3789415210
3789415264	3789415280	3789415342	1	3789415269	3789415315
3789415368	3789415385	3789415447	1	3789415373	3789415420
3789415474	3789415491	3789415552	1	3789415479	3789415525
3789415579	3789415596	3789415657	1	3789415584	3789415630
3789415684	3789415701	3789415763	1	3789415690	3789415736
3789415790	3789415806	3789415867	1	3789415795	3789415840
3789415894	3789415910	3789415981	1	3789415899	3789415954
3789416008	3789416026	3789416088	1	3789416014	3789416061
3789416115	3789416132	3789416193	1	3789416120	3789416166
3789416219	3789416235	3789416297	1	3789416224	3789416270
3789416325	3789416341	3789416403	1	3789416330	3789416376
3789416430	3789416446	3789416508	1	3789416435	3789416481
3789416535	3789416552	3789416614	1	3789416540	3789416587
3789416641	3789416657	3789416719	1	3789416646	3789416692
3789416746	3789416763	3789416825	1	3789416751	3789416798
3789416853	3789416869	3789416931	1	3789416858	3789416904
3789416958	3789416975	3789417036	1	3789416963	3789417010
3789417062	3789417079	3789417141	1	3789417067	3789417114
3789417168	3789417184	3789417245	1	3789417173	3789417219
3789417272	3789417289	3789417351	1	3789417277	3789417324
3789417378	3789417394	3789417456	1	3789417383	3789417429
3789417483	3789417500	3789417562	1	3789417488	3789417535
3789417589	3789417605	3789417666	1	3789417594	3789417640
3789417693	3789417710	3789417771	1	3789417698	3789417744
