# hakuX #462 signal timing: ST_CB_2_DOA
freq_hz 3375000
quads 500
target_switch 1
callbacks_per_frame 1
reps 300
timeouts 0
busy_timeouts 0
stale_callback_times 0
kick_to_callback_handled n=300 median=14.519 p5=13.926 p95=14.815 min=13.926 max=38.222 us
last_callback_handled_to_semaphore_seen n=300 median=8.000 p5=8.000 p95=8.296 min=8.000 max=32.000 us
final_kick_to_semaphore n=300 median=18.667 p5=18.370 p95=19.259 min=18.370 max=42.667 us
frame(first_draw_to_semaphore) n=300 median=6394.667 p5=6367.111 p95=6405.630 min=6365.333 max=6410.667 us
# raw, counter ticks unless named
start	final_kick	semaphore_seen	callbacks_seen	kick_0	dpc_0
3790286026	3790307555	3790307630	1	3790307540	3790307599
3790307685	3790329203	3790329268	1	3790329190	3790329240
3790329309	3790350862	3790350925	1	3790350850	3790350898
3790350967	3790372485	3790372549	1	3790372472	3790372522
3790372580	3790394091	3790394154	1	3790394078	3790394127
3790394199	3790415670	3790415733	1	3790415658	3790415706
3790415764	3790437271	3790437335	1	3790437259	3790437307
3790437365	3790458917	3790458979	1	3790458904	3790458952
3790459011	3790480530	3790480594	1	3790480518	3790480567
3790480646	3790502156	3790502219	1	3790502144	3790502192
3790502249	3790523712	3790523775	1	3790523700	3790523748
3790523806	3790545313	3790545378	1	3790545300	3790545350
3790545408	3790566962	3790567025	1	3790566950	3790566998
3790567056	3790588563	3790588626	1	3790588550	3790588599
3790588656	3790610168	3790610232	1	3790610155	3790610205
3790610262	3790631729	3790631791	1	3790631716	3790631764
3790631821	3790653348	3790653412	1	3790653336	3790653385
3790653515	3790675053	3790675116	1	3790675041	3790675089
3790675149	3790696690	3790696753	1	3790696677	3790696726
3790696783	3790718295	3790718359	1	3790718282	3790718332
3790718390	3790739859	3790739921	1	3790739846	3790739894
3790739951	3790761463	3790761527	1	3790761450	3790761499
3790761557	3790783080	3790783144	1	3790783067	3790783117
3790783175	3790804718	3790804781	1	3790804705	3790804754
3790804812	3790826340	3790826403	1	3790826327	3790826376
3790826435	3790847903	3790847965	1	3790847891	3790847938
3790847994	3790869513	3790869577	1	3790869500	3790869550
3790869608	3790891129	3790891193	1	3790891116	3790891165
3790891223	3790912764	3790912826	1	3790912751	3790912799
3790912856	3790934372	3790934435	1	3790934359	3790934408
3790934467	3790955906	3790955970	1	3790955894	3790955943
3790956001	3790977547	3790977611	1	3790977534	3790977583
3790977642	3790999162	3790999225	1	3790999149	3790999198
3790999327	3791020893	3791020955	1	3791020880	3791020928
3791020986	3791042503	3791042567	1	3791042491	3791042540
3791042599	3791064034	3791064098	1	3791064022	3791064070
3791064127	3791085667	3791085730	1	3791085654	3791085703
3791085761	3791107279	3791107342	1	3791107266	3791107315
3791107373	3791128885	3791128949	1	3791128872	3791128922
3791128980	3791150519	3791150583	1	3791150506	3791150555
3791150614	3791172050	3791172113	1	3791172038	3791172086
3791172143	3791193704	3791193766	1	3791193691	3791193739
3791193797	3791215310	3791215374	1	3791215298	3791215347
3791215405	3791236911	3791236974	1	3791236899	3791236947
3791237005	3791258537	3791258600	1	3791258525	3791258573
3791258630	3791280064	3791280127	1	3791280052	3791280100
3791280158	3791301691	3791301753	1	3791301679	3791301726
3791301784	3791323302	3791323366	1	3791323290	3791323339
3791323397	3791344904	3791344968	1	3791344892	3791344941
3791344999	3791366568	3791366631	1	3791366556	3791366604
3791366662	3791388085	3791388149	1	3791388073	3791388122
3791388179	3791409682	3791409746	1	3791409670	3791409718
3791409776	3791431327	3791431391	1	3791431314	3791431363
3791431421	3791452933	3791452997	1	3791452921	3791452970
3791453027	3791474558	3791474621	1	3791474546	3791474594
3791474651	3791496086	3791496150	1	3791496074	3791496123
3791496180	3791517687	3791517751	1	3791517675	3791517724
3791517782	3791539349	3791539413	1	3791539337	3791539386
3791539444	3791560945	3791561009	1	3791560933	3791560982
3791561039	3791582577	3791582639	1	3791582564	3791582612
3791582670	3791604101	3791604165	1	3791604089	3791604138
3791604195	3791625704	3791625768	1	3791625692	3791625741
3791625799	3791647339	3791647402	1	3791647326	3791647375
3791647432	3791668933	3791668997	1	3791668920	3791668969
3791669028	3791690529	3791690592	1	3791690516	3791690565
3791690748	3791712198	3791712261	1	3791712186	3791712234
3791712291	3791733830	3791733894	1	3791733818	3791733867
3791733924	3791755468	3791755530	1	3791755455	3791755503
3791755560	3791777072	3791777135	1	3791777059	3791777108
3791777165	3791798684	3791798755	1	3791798672	3791798728
3791798787	3791820251	3791820315	1	3791820239	3791820288
3791820345	3791841854	3791841918	1	3791841842	3791841890
3791841949	3791863491	3791863553	1	3791863478	3791863526
3791863583	3791885095	3791885158	1	3791885082	3791885131
3791885189	3791906732	3791906796	1	3791906719	3791906768
3791906826	3791928283	3791928345	1	3791928271	3791928318
3791928375	3791949881	3791949945	1	3791949869	3791949918
3791949975	3791971494	3791971557	1	3791971481	3791971530
3791971588	3791993127	3791993190	1	3791993115	3791993163
3791993221	3792014744	3792014808	1	3792014731	3792014781
3792014840	3792036304	3792036367	1	3792036292	3792036340
3792036398	3792057901	3792057964	1	3792057888	3792057937
3792057995	3792079522	3792079585	1	3792079509	3792079558
3792079615	3792101152	3792101215	1	3792101139	3792101188
3792101245	3792122765	3792122829	1	3792122752	3792122801
3792122860	3792144317	3792144379	1	3792144305	3792144352
3792144408	3792165911	3792165975	1	3792165898	3792165948
3792166005	3792187532	3792187596	1	3792187519	3792187568
3792187627	3792209158	3792209221	1	3792209146	3792209194
3792209251	3792230764	3792230828	1	3792230752	3792230801
3792230859	3792252309	3792252372	1	3792252297	3792252345
3792252402	3792273942	3792274006	1	3792273930	3792273979
3792274036	3792295548	3792295612	1	3792295536	3792295585
3792295642	3792317180	3792317243	1	3792317168	3792317216
3792317273	3792338787	3792338851	1	3792338775	3792338824
3792338883	3792360304	3792360368	1	3792360292	3792360341
3792360397	3792381932	3792381995	1	3792381920	3792381968
3792382027	3792403543	3792403607	1	3792403531	3792403580
3792403638	3792425181	3792425243	1	3792425169	3792425216
3792425274	3792446815	3792446879	1	3792446803	3792446852
3792446910	3792468335	3792468399	1	3792468323	3792468372
3792468428	3792489964	3792490026	1	3792489951	3792489999
3792490056	3792511561	3792511626	1	3792511549	3792511598
3792511656	3792533155	3792533219	1	3792533143	3792533192
3792533250	3792554800	3792554863	1	3792554788	3792554836
3792554894	3792576315	3792576378	1	3792576303	3792576351
3792576409	3792597944	3792598006	1	3792597932	3792597979
3792598037	3792619573	3792619638	1	3792619560	3792619610
3792619669	3792641180	3792641244	1	3792641167	3792641216
3792641274	3792662830	3792662893	1	3792662818	3792662866
3792662924	3792684351	3792684415	1	3792684339	3792684387
3792684445	3792705988	3792706050	1	3792705975	3792706023
3792706080	3792727599	3792727663	1	3792727587	3792727636
3792727693	3792749205	3792749269	1	3792749193	3792749242
3792749300	3792770847	3792770910	1	3792770834	3792770883
3792770940	3792792381	3792792445	1	3792792369	3792792417
3792792475	3792813981	3792814044	1	3792813967	3792814017
3792814075	3792835623	3792835687	1	3792835611	3792835660
3792835719	3792857234	3792857297	1	3792857221	3792857270
3792857327	3792878878	3792878941	1	3792878866	3792878914
3792878972	3792900397	3792900461	1	3792900385	3792900434
3792900492	3792922013	3792922077	1	3792922000	3792922049
3792922108	3792943667	3792943730	1	3792943654	3792943703
3792943761	3792965288	3792965352	1	3792965275	3792965325
3792965382	3792986913	3792986977	1	3792986901	3792986949
3792987008	3793008463	3793008526	1	3793008451	3793008499
3793008557	3793030071	3793030135	1	3793030059	3793030108
3793030165	3793051714	3793051777	1	3793051702	3793051750
3793051807	3793073310	3793073373	1	3793073297	3793073346
3793073612	3793095137	3793095204	1	3793095123	3793095176
3793095236	3793116694	3793116757	1	3793116682	3793116730
3793116788	3793138300	3793138363	1	3793138287	3793138336
3793138394	3793159962	3793160024	1	3793159949	3793159997
3793160054	3793181560	3793181623	1	3793181548	3793181596
3793181654	3793203166	3793203230	1	3793203154	3793203203
3793203261	3793224716	3793224779	1	3793224704	3793224752
3793224810	3793246318	3793246381	1	3793246305	3793246354
3793246412	3793267927	3793267991	1	3793267915	3793267963
3793268022	3793289567	3793289631	1	3793289554	3793289603
3793289662	3793311175	3793311239	1	3793311163	3793311212
3793311271	3793332748	3793332810	1	3793332736	3793332783
3793332840	3793354353	3793354417	1	3793354340	3793354390
3793354447	3793375957	3793376021	1	3793375944	3793375994
3793376052	3793397598	3793397661	1	3793397585	3793397634
3793397692	3793419201	3793419265	1	3793419188	3793419238
3793419295	3793440755	3793440817	1	3793440743	3793440790
3793440847	3793462358	3793462421	1	3793462345	3793462394
3793462451	3793483970	3793484034	1	3793483958	3793484007
3793484064	3793505628	3793505691	1	3793505615	3793505664
3793505721	3793527242	3793527306	1	3793527229	3793527278
3793527336	3793548761	3793548824	1	3793548749	3793548797
3793548854	3793570398	3793570461	1	3793570386	3793570434
3793570492	3793591998	3793592061	1	3793591986	3793592034
3793592092	3793613630	3793613693	1	3793613617	3793613666
3793613724	3793635233	3793635297	1	3793635221	3793635270
3793635328	3793656754	3793656817	1	3793656742	3793656790
3793656847	3793678412	3793678475	1	3793678400	3793678448
3793678507	3793700020	3793700084	1	3793700007	3793700056
3793700115	3793721656	3793721719	1	3793721644	3793721692
3793721749	3793743271	3793743335	1	3793743259	3793743308
3793743365	3793764792	3793764856	1	3793764780	3793764829
3793764886	3793786423	3793786486	1	3793786410	3793786459
3793786517	3793808041	3793808104	1	3793808029	3793808077
3793808135	3793829639	3793829703	1	3793829627	3793829676
3793829734	3793851282	3793851346	1	3793851269	3793851318
3793851376	3793872824	3793872888	1	3793872812	3793872860
3793872918	3793894458	3793894520	1	3793894445	3793894493
3793894550	3793916059	3793916123	1	3793916046	3793916096
3793916153	3793937679	3793937743	1	3793937667	3793937715
3793937773	3793959314	3793959377	1	3793959301	3793959350
3793959407	3793980830	3793980894	1	3793980818	3793980867
3793980923	3794002465	3794002528	1	3794002453	3794002501
3794002559	3794024083	3794024147	1	3794024070	3794024119
3794024178	3794045701	3794045764	1	3794045689	3794045737
3794045795	3794067359	3794067422	1	3794067346	3794067395
3794067455	3794088879	3794088943	1	3794088867	3794088916
3794088973	3794110474	3794110538	1	3794110462	3794110511
3794110569	3794132109	3794132172	1	3794132096	3794132145
3794132204	3794153698	3794153762	1	3794153686	3794153734
3794153793	3794175340	3794175403	1	3794175327	3794175376
3794175434	3794196857	3794196921	1	3794196845	3794196894
3794196951	3794218475	3794218539	1	3794218462	3794218511
3794218577	3794240119	3794240182	1	3794240107	3794240155
3794240214	3794261727	3794261791	1	3794261715	3794261764
3794261821	3794283367	3794283430	1	3794283355	3794283403
3794283460	3794304885	3794304949	1	3794304873	3794304922
3794304980	3794326498	3794326562	1	3794326486	3794326535
3794326600	3794348137	3794348200	1	3794348125	3794348173
3794348230	3794369732	3794369796	1	3794369720	3794369768
3794369827	3794391368	3794391432	1	3794391356	3794391405
3794391462	3794412919	3794412982	1	3794412907	3794412955
3794413012	3794434515	3794434582	1	3794434503	3794434552
3794434613	3794456150	3794456212	1	3794456138	3794456185
3794456242	3794477742	3794477806	1	3794477730	3794477778
3794477836	3794499355	3794499418	1	3794499342	3794499391
3794499448	3794520909	3794520972	1	3794520897	3794520945
3794521003	3794542525	3794542597	1	3794542513	3794542562
3794542628	3794564165	3794564227	1	3794564152	3794564200
3794564257	3794585781	3794585845	1	3794585768	3794585817
3794585876	3794607391	3794607454	1	3794607378	3794607427
3794607485	3794628944	3794629006	1	3794628932	3794628979
3794629037	3794650544	3794650616	1	3794650532	3794650589
3794650647	3794672162	3794672225	1	3794672149	3794672198
3794672255	3794693790	3794693853	1	3794693778	3794693826
3794693884	3794715404	3794715467	1	3794715392	3794715440
3794715497	3794736955	3794737017	1	3794736943	3794736990
3794737047	3794758566	3794758653	1	3794758554	3794758626
3794758684	3794780196	3794780260	1	3794780184	3794780233
3794780291	3794801833	3794801896	1	3794801820	3794801869
3794801927	3794823444	3794823507	1	3794823431	3794823480
3794823538	3794844963	3794845026	1	3794844951	3794844999
3794845056	3794866609	3794866672	1	3794866597	3794866645
3794866703	3794888224	3794888287	1	3794888211	3794888260
3794888317	3794909862	3794909925	1	3794909849	3794909898
3794909956	3794931494	3794931558	1	3794931482	3794931531
3794931588	3794953015	3794953079	1	3794953003	3794953051
3794953109	3794974659	3794974722	1	3794974645	3794974695
3794974752	3794996259	3794996323	1	3794996247	3794996296
3794996353	3795017888	3795017951	1	3795017876	3795017923
3795017982	3795039500	3795039564	1	3795039487	3795039536
3795039594	3795061027	3795061091	1	3795061015	3795061064
3795061122	3795082666	3795082730	1	3795082654	3795082703
3795082760	3795104285	3795104349	1	3795104273	3795104322
3795104380	3795125891	3795125955	1	3795125878	3795125928
3795125986	3795147530	3795147593	1	3795147517	3795147566
3795147623	3795169049	3795169112	1	3795169037	3795169085
3795169142	3795190689	3795190751	1	3795190677	3795190724
3795190782	3795212301	3795212365	1	3795212288	3795212337
3795212395	3795233911	3795233975	1	3795233899	3795233948
3795234005	3795255555	3795255618	1	3795255542	3795255591
3795255650	3795277074	3795277138	1	3795277062	3795277111
3795277168	3795298741	3795298804	1	3795298729	3795298777
3795298836	3795320338	3795320401	1	3795320326	3795320374
3795320431	3795341938	3795342001	1	3795341925	3795341974
3795342032	3795363578	3795363641	1	3795363485	3795363614
3795363672	3795385101	3795385165	1	3795385089	3795385138
3795385195	3795406718	3795406782	1	3795406706	3795406755
3795406812	3795428360	3795428424	1	3795428348	3795428397
3795428455	3795449965	3795450029	1	3795449953	3795450002
3795450059	3795471545	3795471688	1	3795471532	3795471661
3795471719	3795493156	3795493220	1	3795493144	3795493192
3795493251	3795514761	3795514825	1	3795514749	3795514798
3795514855	3795536398	3795536463	1	3795536386	3795536435
3795536493	3795558001	3795558065	1	3795557989	3795558037
3795558095	3795579553	3795579694	1	3795579540	3795579588
3795579725	3795601144	3795601208	1	3795601132	3795601181
3795601238	3795622754	3795622817	1	3795622741	3795622790
3795622847	3795644397	3795644459	1	3795644384	3795644432
3795644489	3795665999	3795666063	1	3795665987	3795666036
3795666093	3795687530	3795687593	1	3795687518	3795687566
3795687623	3795709164	3795709227	1	3795709150	3795709200
3795709258	3795730781	3795730845	1	3795730768	3795730818
3795730876	3795752425	3795752488	1	3795752413	3795752461
3795752518	3795774033	3795774096	1	3795774020	3795774069
3795774126	3795795561	3795795625	1	3795795549	3795795598
3795795655	3795817215	3795817278	1	3795817203	3795817251
3795817309	3795838830	3795838893	1	3795838818	3795838866
3795839372	3795860936	3795860998	1	3795860922	3795860971
3795861029	3795882555	3795882618	1	3795882542	3795882591
3795882648	3795904151	3795904214	1	3795904139	3795904187
3795904244	3795925703	3795925766	1	3795925691	3795925739
3795925796	3795947306	3795947370	1	3795947294	3795947343
3795947400	3795968912	3795968976	1	3795968900	3795968949
3795969005	3795990550	3795990614	1	3795990538	3795990586
3795990644	3796012169	3796012232	1	3796012157	3796012205
3796012262	3796033722	3796033784	1	3796033710	3796033757
3796033814	3796055330	3796055395	1	3796055318	3796055367
3796055425	3796076934	3796076998	1	3796076922	3796076971
3796077027	3796098570	3796098633	1	3796098558	3796098606
3796098662	3796120169	3796120233	1	3796120157	3796120206
3796120262	3796141722	3796141784	1	3796141710	3796141757
3796141813	3796163333	3796163397	1	3796163321	3796163370
3796163427	3796184961	3796185024	1	3796184948	3796184997
3796185053	3796206597	3796206660	1	3796206585	3796206633
3796206690	3796228210	3796228273	1	3796228198	3796228246
3796228302	3796249724	3796249788	1	3796249712	3796249761
3796249817	3796271364	3796271428	1	3796271352	3796271401
3796271458	3796292966	3796293029	1	3796292954	3796293002
3796293058	3796314604	3796314667	1	3796314592	3796314640
3796314697	3796336199	3796336264	1	3796336187	3796336236
3796336293	3796357743	3796357807	1	3796357731	3796357780
3796357837	3796379376	3796379439	1	3796379363	3796379412
3796379468	3796400978	3796401042	1	3796400966	3796401015
3796401071	3796422615	3796422678	1	3796422603	3796422651
3796422708	3796444227	3796444290	1	3796444214	3796444263
3796444320	3796465748	3796465812	1	3796465736	3796465785
3796465842	3796487392	3796487454	1	3796487380	3796487427
3796487483	3796509002	3796509066	1	3796508989	3796509038
3796509095	3796530626	3796530690	1	3796530614	3796530663
3796530720	3796552255	3796552318	1	3796552242	3796552291
3796552348	3796573778	3796573841	1	3796573766	3796573814
3796573870	3796595434	3796595496	1	3796595422	3796595469
3796595525	3796617032	3796617096	1	3796617019	3796617069
3796617125	3796638652	3796638716	1	3796638640	3796638688
3796638745	3796660208	3796660351	1	3796660196	3796660324
3796660381	3796681809	3796681872	1	3796681797	3796681845
3796681901	3796703425	3796703488	1	3796703412	3796703461
3796703517	3796725072	3796725136	1	3796725059	3796725109
3796725165	3796746692	3796746756	1	3796746680	3796746729
3796746786	3796768240	3796768384	1	3796768228	3796768276
