# hakuX #462 signal timing: ST_VBlank_Event
freq_hz 3375000
intervals_spanning_a_missed_vblank 0
interval n=300 median=16683.259 p5=16683.259 p95=16683.556 min=16664.000 max=16702.815 us
# raw, counter ticks unless named
woke	vbl_count
3782844872	139
3782901178	140
3782957484	141
3783013791	142
3783070098	143
3783126403	144
3783182710	145
3783239016	146
3783295322	147
3783351628	148
3783407934	149
3783464241	150
3783520547	151
3783576853	152
3783633159	153
3783689465	154
3783745772	155
3783802078	156
3783858384	157
3783914691	158
3783970997	159
3784027303	160
3784083609	161
3784139916	162
3784196222	163
3784252528	164
3784308834	165
3784365140	166
3784421447	167
3784477753	168
3784534059	169
3784590365	170
3784646672	171
3784702979	172
3784759284	173
3784815656	174
3784871897	175
3784928203	176
3784984509	177
3785040815	178
3785097122	179
3785153428	180
3785209734	181
3785266040	182
3785322347	183
3785378653	184
3785434959	185
3785491266	186
3785547571	187
3785603878	188
3785660184	189
3785716491	190
3785772797	191
3785829103	192
3785885409	193
3785941715	194
3785998022	195
3786054328	196
3786110634	197
3786166940	198
3786223247	199
3786279553	200
3786335859	201
3786392166	202
3786448472	203
3786504779	204
3786561085	205
3786617390	206
3786673697	207
3786730003	208
3786786309	209
3786842616	210
3786898922	211
3786955228	212
3787011534	213
3787067840	214
3787124147	215
3787180453	216
3787236759	217
3787293065	218
3787349372	219
3787405678	220
3787461984	221
3787518291	222
3787574597	223
3787630903	224
3787687209	225
3787743515	226
3787799822	227
3787856128	228
3787912434	229
3787968740	230
3788025047	231
3788081353	232
3788137659	233
3788193966	234
3788250272	235
3788306578	236
3788362884	237
3788419190	238
3788475497	239
3788531803	240
3788588109	241
3788644415	242
3788700722	243
3788757028	244
3788813334	245
3788869641	246
3788925947	247
3788982253	248
3789038559	249
3789094865	250
3789151172	251
3789207478	252
3789263784	253
3789320091	254
3789376397	255
3789432703	256
3789489009	257
3789545315	258
3789601622	259
3789657928	260
3789714234	261
3789770540	262
3789826847	263
3789883153	264
3789939459	265
3789995765	266
3790052072	267
3790108379	268
3790164685	269
3790220990	270
3790277297	271
3790333603	272
3790389909	273
3790446215	274
3790502522	275
3790558828	276
3790615134	277
3790671441	278
3790727747	279
3790784053	280
3790840359	281
3790896665	282
3790952971	283
3791009278	284
3791065584	285
3791121891	286
3791178197	287
3791234503	288
3791290809	289
3791347115	290
3791403422	291
3791459728	292
3791516034	293
3791572341	294
3791628646	295
3791684953	296
3791741259	297
3791797565	298
3791853872	299
3791910178	300
3791966484	301
3792022790	302
3792079097	303
3792135403	304
3792191709	305
3792248015	306
3792304322	307
3792360628	308
3792416934	309
3792473240	310
3792529547	311
3792585853	312
3792642159	313
3792698465	314
3792754772	315
3792811078	316
3792867384	317
3792923691	318
3792979997	319
3793036303	320
3793092609	321
3793148916	322
3793205222	323
3793261528	324
3793317834	325
3793374140	326
3793430446	327
3793486753	328
3793543059	329
3793599366	330
3793655672	331
3793711978	332
3793768284	333
3793824590	334
3793880897	335
3793937203	336
3793993509	337
3794049815	338
3794106122	339
3794162428	340
3794218734	341
3794275040	342
3794331347	343
3794387653	344
3794443959	345
3794500265	346
3794556572	347
3794612878	348
3794669184	349
3794725491	350
3794781797	351
3794838103	352
3794894409	353
3794950716	354
3795007022	355
3795063328	356
3795119634	357
3795175940	358
3795232247	359
3795288553	360
3795344859	361
3795401166	362
3795457472	363
3795513778	364
3795570084	365
3795626390	366
3795682697	367
3795739003	368
3795795309	369
3795851615	370
3795907922	371
3795964228	372
3796020534	373
3796076840	374
3796133147	375
3796189453	376
3796245759	377
3796302065	378
3796358372	379
3796414678	380
3796470984	381
3796527291	382
3796583597	383
3796639903	384
3796696209	385
3796752515	386
3796808822	387
3796865128	388
3796921434	389
3796977741	390
3797034047	391
3797090353	392
3797146659	393
3797202966	394
3797259272	395
3797315579	396
3797371884	397
3797428191	398
3797484497	399
3797540803	400
3797597109	401
3797653415	402
3797709722	403
3797766028	404
3797822334	405
3797878640	406
3797934947	407
3797991253	408
3798047559	409
3798103865	410
3798160171	411
3798216478	412
3798272784	413
3798329091	414
3798385397	415
3798441703	416
3798498009	417
3798554315	418
3798610622	419
3798666928	420
3798723234	421
3798779540	422
3798835847	423
3798892153	424
3798948459	425
3799004766	426
3799061072	427
3799117378	428
3799173684	429
3799229990	430
3799286297	431
3799342603	432
3799398909	433
3799455215	434
3799511522	435
3799567828	436
3799624134	437
3799680441	438
3799736747	439
