# hakuX #462 signal timing: ST_CB_2_DOA
freq_hz 3375000
quads 500
target_switch 1
callbacks_per_frame 1
reps 300
timeouts 0
busy_timeouts 0
stale_callback_times 0
kick_to_callback_handled n=300 median=293.926 p5=117.630 p95=2037.037 min=95.407 max=147752.296 us
last_callback_handled_to_semaphore_seen n=300 median=31.704 p5=21.333 p95=150.815 min=15.704 max=3289.778 us
final_kick_to_semaphore n=300 median=12.741 p5=9.481 p95=1244.148 min=6.519 max=148008.296 us
frame(first_draw_to_semaphore) n=300 median=187216.889 p5=125770.370 p95=216309.333 min=66204.148 max=232903.111 us
# raw, counter ticks unless named
start	final_kick	semaphore_seen	callbacks_seen	kick_0	dpc_0
4319253997	4319284309	4319783837	1	4319284269	4319782933
4319786096	4320357268	4320357304	1	4320356300	4320357167
4320357606	4320978767	4320979326	1	4320978702	4320979041
4320979577	4321590966	4321591002	1	4321587970	4321590886
4321591190	4322252402	4322252436	1	4322251685	4322252340
4322252871	4322862114	4322862136	1	4322860238	4322862049
4322862291	4323576877	4323576912	1	4323575919	4323576779
4323577075	4324274901	4324276505	1	4324274831	4324276422
4324276678	4324915700	4324917340	1	4324898410	4324917244
4324917614	4325430619	4325430663	1	4325429648	4325430286
4325430846	4326006820	4326008173	1	4326006747	4326007899
4326008322	4326669970	4326670481	1	4326669897	4326670404
4326670647	4327361492	4327361534	1	4327360822	4327361421
4327361720	4328107107	4328107156	1	4328104118	4328107022
4328107412	4328762248	4328770274	1	4328762176	4328770195
4328770430	4329127343	4329127389	1	4329126126	4329127268
4329127549	4329812970	4329813010	1	4329812117	4329812893
4329813898	4330481380	4330485305	1	4330481309	4330482307
4330485498	4331100275	4331101335	1	4331100186	4331100653
4331101908	4331663575	4331664660	1	4331663506	4331664001
4331664871	4332173353	4332173390	1	4332172716	4332173163
4332173544	4332678351	4332678386	1	4332676624	4332678280
4332678541	4333169833	4333169867	1	4333152956	4333169751
4333170010	4333643659	4333643689	1	4333642937	4333643600
4333643853	4334056526	4334057370	1	4334056457	4334057295
4334057516	4334695271	4334703622	1	4334695192	4334703148
4334704245	4334923414	4334927684	1	4334923358	4334927294
4334927819	4335539153	4335539192	1	4335537664	4335539060
4335539374	4336125099	4336125137	1	4336122962	4336125025
4336125294	4336749551	4336749589	1	4336734198	4336749468
4336749773	4337140422	4337140451	1	4337139422	4337140366
4337140953	4337597568	4337597610	1	4337596887	4337597501
4337597790	4338269160	4338269198	1	4338267800	4338269111
4338269728	4338872397	4338872436	1	4338871644	4338872315
4338872592	4339483635	4339484576	1	4339483559	4339484136
4339484739	4340075225	4340075668	1	4340074551	4340075518
4340075852	4340688021	4340688577	1	4340687951	4340688505
4340688722	4341284910	4341286623	1	4341284848	4341286021
4341286763	4341876523	4341876563	1	4341873410	4341876446
4341876744	4342548766	4342551107	1	4342548690	4342551025
4342551269	4343246748	4343246779	1	4343245553	4343246668
4343246931	4343893492	4343893533	1	4343890691	4343893421
4343893721	4344488858	4344490034	1	4344488779	4344489507
4344490260	4345192226	4345192603	1	4345192142	4345192517
4345192786	4345711715	4345712235	1	4345711640	4345712151
4345712391	4346411274	4346412428	1	4346411205	4346412333
4346412580	4347060225	4347060262	1	4347057544	4347060146
4347060440	4347640636	4347640678	1	4347638442	4347640520
4347640859	4348244915	4348246338	1	4348244844	4348246260
4348246865	4348893183	4348893218	1	4348891694	4348893108
4348893375	4349324926	4349328341	1	4349324867	4349327813
4349328515	4349984287	4349984321	1	4349977579	4349984217
4349984506	4350619643	4350620565	1	4350619552	4350620056
4350621179	4351234008	4351235485	1	4351233926	4351235082
4351235726	4351937391	4351937787	1	4351937236	4351937717
4351937971	4352515004	4352516620	1	4352514934	4352516545
4352516785	4353162201	4353162235	1	4353161459	4353162127
4353162394	4353535974	4353536331	1	4353534945	4353535887
4353536516	4354189669	4354189707	1	4354188992	4354189627
4354189862	4354837642	4354838304	1	4354836416	4354838216
4354838550	4355462887	4355463721	1	4355462809	4355463228
4355463884	4356220722	4356221048	1	4356220448	4356220974
4356221192	4356861940	4356861976	1	4356861210	4356861867
4356862314	4357382247	4357388453	1	4357382170	4357387773
4357388618	4357708641	4357709090	1	4357708565	4357709008
4357709592	4358259417	4358259456	1	4358257397	4358259341
4358259643	4358812479	4358812512	1	4358811798	4358812427
4358812678	4359473822	4359473859	1	4359473259	4359473771
4359474023	4360049177	4360049601	1	4360049101	4360049518
4360049764	4360659724	4360671133	1	4360659648	4360660030
4360673308	4361308213	4361308251	1	4361306836	4361308134
4361308421	4361741261	4361741299	1	4361740471	4361741209
4361741497	4362397953	4362397988	1	4362395878	4362397883
4362398224	4363107587	4363108565	1	4363107510	4363108161
4363108787	4363753548	4363753585	1	4363752713	4363753478
4363753756	4364463611	4364464041	1	4364463389	4364463972
4364464203	4365119465	4365119502	1	4365118843	4365119416
4365119853	4365692857	4365697644	1	4365692791	4365697315
4365697825	4366253920	4366253954	1	4366253252	4366253844
4366254120	4366959097	4366959135	1	4366955189	4366958765
4366959328	4367720746	4367720783	1	4367719441	4367720667
4367720954	4368396759	4368396792	1	4368395802	4368396707
4368396953	4369011849	4369011882	1	4369011072	4369011781
4369012045	4369726345	4369726382	1	4369719386	4369726261
4369726561	4370000743	4370000779	1	4369999923	4370000666
4370000976	4370585993	4370586041	1	4370584979	4370585915
4370586236	4371261479	4371261511	1	4371261053	4371261427
4371261691	4371931198	4371931239	1	4371930634	4371931150
4371931401	4372502857	4372502893	1	4372501006	4372502789
4372503083	4373230004	4373230416	1	4373229931	4373230342
4373230579	4373841468	4373842026	1	4373841393	4373841956
4373842191	4374294140	4374294477	1	4374294064	4374294409
4374294738	4374761090	4374761780	1	4374761019	4374761384
4374762287	4375401062	4375401094	1	4375399694	4375401011
4375401254	4376094068	4376094833	1	4376093991	4376094377
4376095201	4376733994	4376734029	1	4376732755	4376733928
4376734198	4377343289	4377343328	1	4377342686	4377343227
4377343486	4377905202	4377907811	1	4377905131	4377906798
4377908105	4378210843	4378210874	1	4378210217	4378210774
4378211161	4378795684	4378795725	1	4378794100	4378795589
4378795918	4379451988	4379452024	1	4379451336	4379451931
4379452182	4380130697	4380130732	1	4380129551	4380130617
4380130981	4380819732	4380819923	1	4380818498	4380819651
4380820096	4381502189	4381503340	1	4381502117	4381502756
4381503552	4382157658	4382157686	1	4382155597	4382157594
4382157832	4382653658	4382653693	1	4382650981	4382653588
4382653855	4383412638	4383413279	1	4383412552	4383413197
4383413444	4384082257	4384082770	1	4384082030	4384082685
4384082933	4384842003	4384842045	1	4384825780	4384841912
4384842223	4385553008	4385553356	1	4385551778	4385553283
4385553538	4386165240	4386172242	1	4386165165	4386171750
4386172967	4386691027	4386691395	1	4386690271	4386691322
4386691552	4387358721	4387359085	1	4387357977	4387359000
4387359271	4387932921	4387932955	1	4387930038	4387932848
4387933126	4388508765	4388508803	1	4388507386	4388508688
4388509001	4389135557	4389135588	1	4389134837	4389135505
4389135752	4389815701	4389815741	1	4389804138	4389815606
4389815917	4390296117	4390296146	1	4390295307	4390296051
4390296292	4390768330	4390768370	1	4390767141	4390768267
4390768554	4391412086	4391412123	1	4391410743	4391412043
4391412286	4391885335	4391885367	1	4391884453	4391885165
4391885533	4392519790	4392521041	1	4392519714	4392520979
4392521203	4393036979	4393037012	1	4393035192	4393036906
4393037152	4393682963	4393683002	1	4393681824	4393682895
4393683174	4394262090	4394262577	1	4394261404	4394262497
4394262741	4394718995	4394719966	1	4394718919	4394719514
4394720131	4395271013	4395271366	1	4395270725	4395271283
4395271526	4395939225	4395939259	1	4395936054	4395939114
4395939421	4396583466	4396583501	1	4396582865	4396583412
4396584153	4397293680	4397294037	1	4397293602	4397293943
4397294198	4398006604	4398006640	1	4398002628	4398006539
4398006805	4398621415	4398621784	1	4398621349	4398621719
4398621958	4399221127	4399221165	1	4399220162	4399221048
4399221327	4399894705	4399895882	1	4399894616	4399895312
4399896117	4400548635	4400551233	1	4400548564	4400551104
4400551396	4401142180	4401143823	1	4401142111	4401143742
4401143981	4401796155	4401796191	1	4401795102	4401796080
4401796349	4402454494	4402454818	1	4402453912	4402454739
4402454973	4403010367	4403010485	1	4403009778	4403010326
4403010648	4403608933	4403608970	1	4403607870	4403608858
4403609135	4404271438	4404271471	1	4404270208	4404271388
4404272159	4405002164	4405002203	1	4404999836	4405002086
4405002367	4405627198	4405627554	1	4405626792	4405627473
4405627712	4406305630	4406308976	1	4406305550	4406308605
4406309172	4406845712	4406845750	1	4406844990	4406845657
4406845934	4407520067	4407520107	1	4407517256	4407519987
4407520303	4408106445	4408107437	1	4408106366	4408107014
4408107694	4408819236	4408819274	1	4408818660	4408819169
4408819438	4409459493	4409459537	1	4409457619	4409459416
4409459742	4410156947	4410156985	1	4410156307	4410156880
4410157175	4410721022	4410721055	1	4410720057	4410720944
4410721724	4411063120	4411063246	1	4411062011	4411063054
4411063434	4411713838	4411713877	1	4411712894	4411713752
4411714065	4412289079	4412289113	1	4412288376	4412289012
4412289277	4412970339	4412970378	1	4412969517	4412970280
4412970544	4413654862	4413655827	1	4413654691	4413655699
4413655994	4414326615	4414326654	1	4414324338	4414326520
4414327182	4414877622	4414877657	1	4414876039	4414877548
4414877829	4415454983	4415455017	1	4415454487	4415454932
4415455180	4416037249	4416037676	1	4416036765	4416037524
4416037840	4416706947	4416706984	1	4416704727	4416706855
4416707141	4417458348	4417458383	1	4417455943	4417458269
4417458591	4418071740	4418072325	1	4418071662	4418072247
4418072492	4418828704	4418829264	1	4418828640	4418829188
4418829416	4419400829	4419401149	1	4419400209	4419401073
4419401314	4420074610	4420074651	1	4420073383	4420074558
4420074854	4420758757	4420758791	1	4420757363	4420758689
4420758954	4421445816	4421445851	1	4421444446	4421445752
4421446008	4422141750	4422142176	1	4422140640	4422142028
4422142331	4422779887	4422779923	1	4422779335	4422779840
4422780464	4423204529	4423204939	1	4423204440	4423204845
4423205128	4423832333	4423832907	1	4423832085	4423832650
4423833627	4424505685	4424505720	1	4424504644	4424505561
4424506441	4425276079	4425276116	1	4425274588	4425276008
4425276288	4425950718	4425950756	1	4425949820	4425950648
4425950924	4426626442	4426626474	1	4426624830	4426626363
4426626667	4427087053	4427087421	1	4427086972	4427087336
4427087713	4427744051	4427744084	1	4427743366	4427743996
4427744241	4428344652	4428344691	1	4428343809	4428344573
4428344871	4428862626	4428863374	1	4428862415	4428863311
4428863787	4429555038	4429555076	1	4429554353	4429554967
4429555262	4430043847	4430044553	1	4430043777	4430044498
4430044958	4430699760	4430700127	1	4430699438	4430700035
4430700298	4431059805	4431059837	1	4431059094	4431059737
4431059995	4431725510	4431725545	1	4431724717	4431725441
4431725718	4432352387	4432352750	1	4432352319	4432352697
4432353362	4432942032	4432942535	1	4432941942	4432942436
4432942697	4433532247	4433534446	1	4433531237	4433533972
4433534641	4434074693	4434075016	1	4434074020	4434074936
4434075166	4434678284	4434679045	1	4434678215	4434678605
4434679233	4435322281	4435322317	1	4435320275	4435322198
4435322483	4435998633	4435999429	1	4435998563	4435999294
4435999590	4436455178	4436459305	1	4436455107	4436458941
4436459472	4437025639	4437025675	1	4437022688	4437025562
4437025831	4437635392	4437641803	1	4437635317	4437641456
4437642064	4438210289	4438211499	1	4438210217	4438211083
4438212040	4438789602	4438789641	1	4438788953	4438789539
4438789830	4439457913	4439457956	1	4439455956	4439457849
4439458127	4440152977	4440154457	1	4440152905	4440154247
4440155195	4440838406	4440838446	1	4440835623	4440838330
4440838645	4441439503	4441444008	1	4441439428	4441443927
4441444174	4442045867	4442046695	1	4442045794	4442046636
4442046861	4442451923	4442458639	1	4442451859	4442458579
4442459236	4443080447	4443080480	1	4443079349	4443080392
4443080635	4443778219	4443778263	1	4443774924	4443778135
4443778469	4444443048	4444443086	1	4444442053	4444442984
4444443251	4445152938	4445153508	1	4445152776	4445153425
4445153710	4445857797	4445859110	1	4445841321	4445859015
4445859390	4446442885	4446443813	1	4446442822	4446443494
4446444006	4447074403	4447074993	1	4447074176	4447074913
4447075187	4447743395	4447744487	1	4447743318	4447744406
4447744642	4448420840	4448421407	1	4448419751	4448421317
4448421571	4449114947	4449115667	1	4449114861	4449115306
4449115831	4449775325	4449775660	1	4449774839	4449775579
4449775816	4450350699	4450352624	1	4450350608	4450352313
4450352785	4450867674	4450867709	1	4450866901	4450867599
4450868036	4451480234	4451480640	1	4451480151	4451480548
4451480824	4452128837	4452129822	1	4452127755	4452129734
4452129978	4452787052	4452787596	1	4452786979	4452787521
4452787763	4453462528	4453462566	1	4453460637	4453462476
4453462729	4454054557	4454054594	1	4454051927	4454054487
4454054767	4454485073	4454485099	1	4454484080	4454485020
4454485253	4455034806	4455035315	1	4455034625	4455035234
4455036375	4455586892	4455586930	1	4455586062	4455586837
4455587101	4456211031	4456211569	1	4456210794	4456211311
4456211733	4456861759	4456861794	1	4456860358	4456861694
4456862262	4457538446	4457538482	1	4457536722	4457538380
4457538644	4458117141	4458117178	1	4458115322	4458117068
4458117342	4458628833	4458629244	1	4458628413	4458629151
4458629419	4459226084	4459226784	1	4459224993	4459226714
4459226944	4459936955	4459937356	1	4459935897	4459937282
4459937522	4460676456	4460676493	1	4460673910	4460676378
4460676657	4461365574	4461365615	1	4461362729	4461365495
4461365815	4462082628	4462082664	1	4462081498	4462082561
4462082830	4462612596	4462615826	1	4462612531	4462615518
4462615993	4463099783	4463099823	1	4463098433	4463099707
4463100014	4463744636	4463744674	1	4463743832	4463744569
4463744840	4464375710	4464376263	1	4464375636	4464376182
4464376424	4465023955	4465023993	1	4465021092	4465023878
4465024157	4465735335	4465735374	1	4465732504	4465735240
4465735575	4466487207	4466487240	1	4466486428	4466487150
4466487404	4466890038	4466890077	1	4466889240	4466889958
4466890403	4467539671	4467539713	1	4467524231	4467539575
4467539889	4468187583	4468188273	1	4468187462	4468187952
4468188776	4468947094	4468947460	1	4468947018	4468947399
4468947618	4469639439	4469647933	1	4469639359	4469647458
4469648138	4470270644	4470274884	1	4470270563	4470274785
4470275054	4470857405	4470857434	1	4470856287	4470857327
4470857597	4471465821	4471465859	1	4471452225	4471465738
4471466022	4472119979	4472120821	1	4472119897	4472120765
4472121318	4472682166	4472683522	1	4472682086	4472683078
4472683721	4473344304	4473344803	1	4473344066	4473344731
4473345033	4473986497	4473986583	1	4473983843	4473986422
4473986928	4474567508	4474567864	1	4474567236	4474567781
4474568059	4475013305	4475013343	1	4475012228	4475013220
4475013569	4475683363	4475683402	1	4475682413	4475683296
4475683601	4476247761	4476248205	1	4476246306	4476247669
4476249889	4476798832	4476798866	1	4476798209	4476798770
4476799083	4477379227	4477379258	1	4477377869	4477379148
4477379472	4477965395	4477965436	1	4477962586	4477965313
4477965646	4478628243	4478628283	1	4478625768	4478628164
4478628816	4479093673	4479094750	1	4479093595	4479094282
4479094986	4479676090	4479676125	1	4479674517	4479676019
4479676312	4480320713	4480321086	1	4480320617	4480321010
4480321301	4480994303	4480994338	1	4480992756	4480994223
4480994528	4481684167	4481686538	1	4481684083	4481684491
4481686730	4482376932	4482376972	1	4482374661	4482376759
4482377166	4482933274	4482933312	1	4482932492	4482933203
4482933517	4483581625	4483581735	1	4483579903	4483581541
4483581919	4484200879	4484200912	1	4484198730	4484200811
4484201100	4484832022	4484832057	1	4484831356	4484831970
4484832251	4485489889	4485490349	1	4485489808	4485490268
4485490545	4486276178	4486276593	1	4486276104	4486276521
4486276788	4486915587	4486926700	1	4486915513	4486916349
4486926896	4487267732	4487267771	1	4487253524	4487267648
4487267960	4487911038	4487911074	1	4487909395	4487910895
4487911258	4488565400	4488566158	1	4488564596	4488566067
4488566343	4489256158	4489256596	1	4489256085	4489256518
4489256782	4489997190	4489997233	1	4489995738	4489997127
4489997413	4490598576	4490598927	1	4490598295	4490598844
4490599108	4491162505	4491162538	1	4491161609	4491162422
4491162756	4491573266	4491573303	1	4491572584	4491573197
4491573514	4492271496	4492271894	1	4492271423	4492271820
4492272082	4492937046	4492937084	1	4492933671	4492936977
4492937736	4493596510	4493596549	1	4493580221	4493596424
4493596789	4494221759	4494221797	1	4494220476	4494221701
4494222622	4494854447	4494854479	1	4494853714	4494854399
4494854686	4495348394	4495352593	1	4495348330	4495352102
4495352760	4495880428	4495880466	1	4495879255	4495880377
4495880678	4496445815	4496446202	1	4496444966	4496446124
4496446393	4496981482	4496982459	1	4496981405	4496981979
4496982655	4497495358	4497495397	1	4497493923	4497495314
4497495590	4498144749	4498144831	1	4498141165	4498144672
4498145402	4498791595	4498791724	1	4498791217	4498791539
4498791903	4499399417	4499404540	1	4499399345	4499404090
4499404738	4499739855	4499740656	1	4499738469	4499740553
4499740939	4500488616	4500488657	1	4500470090	4500488526
4500488857	4501184530	4501184571	1	4501183780	4501184461
4501184761	4501909032	4501911840	1	4501908912	4501911763
4501912073	4502684596	4502684639	1	4502682591	4502684515
