# hakuX #462 signal timing: ST_CB_1_Empty
freq_hz 3375000
quads 0
target_switch 0
callbacks_per_frame 1
reps 300
timeouts 0
busy_timeouts 0
stale_callback_times 0
kick_to_callback_handled n=300 median=23.704 p5=21.926 p95=46.815 min=21.333 max=495.407 us
last_callback_handled_to_semaphore_seen n=300 median=6.815 p5=6.519 p95=19.852 min=5.926 max=104.000 us
final_kick_to_semaphore n=300 median=2.963 p5=2.963 p95=3.556 min=2.667 max=472.000 us
frame(first_draw_to_semaphore) n=300 median=31.111 p5=29.037 p95=61.037 min=28.148 max=508.741 us
# raw, counter ticks unless named
start	final_kick	semaphore_seen	callbacks_seen	kick_0	dpc_0
4317625924	4317626959	4317627147	1	4317626103	4317626796
4317630227	4317630509	4317630523	1	4317630235	4317630474
4317631451	4317631499	4317631694	1	4317631457	4317631668
4317631834	4317632072	4317632142	1	4317631840	4317631967
4317632505	4317632555	4317632727	1	4317632510	4317632707
4317632800	4317632999	4317633009	1	4317632807	4317632922
4317633144	4317633380	4317633391	1	4317633149	4317633307
4317633430	4317633581	4317633592	1	4317633434	4317633566
4317633628	4317633755	4317633765	1	4317633631	4317633739
4317633834	4317633967	4317633978	1	4317633838	4317633952
4317634012	4317634139	4317634150	1	4317634015	4317634124
4317634175	4317634356	4317634367	1	4317634178	4317634286
4317634393	4317634523	4317634533	1	4317634396	4317634508
4317634561	4317634765	4317634777	1	4317634565	4317634674
4317634811	4317634931	4317634941	1	4317634814	4317634916
4317634965	4317635107	4317635117	1	4317634968	4317635050
4317635140	4317635312	4317635323	1	4317635143	4317635296
4317635473	4317635603	4317635613	1	4317635477	4317635563
4317635637	4317635730	4317635740	1	4317635639	4317635718
4317635762	4317635933	4317635944	1	4317635764	4317635842
4317635966	4317636061	4317636071	1	4317635969	4317636048
4317636093	4317636198	4317636208	1	4317636095	4317636175
4317636230	4317636404	4317636415	1	4317636232	4317636323
4317636507	4317636618	4317636629	1	4317636511	4317636603
4317636653	4317636749	4317636760	1	4317636655	4317636737
4317636783	4317636878	4317636889	1	4317636786	4317636866
4317636910	4317637005	4317637015	1	4317636913	4317636992
4317637037	4317637133	4317637143	1	4317637040	4317637120
4317637165	4317637259	4317637270	1	4317637167	4317637247
4317637291	4317637386	4317637397	1	4317637294	4317637374
4317637417	4317637512	4317637523	1	4317637420	4317637500
4317637544	4317637638	4317637650	1	4317637546	4317637626
4317637671	4317637766	4317637776	1	4317637674	4317637754
4317637904	4317638007	4317638017	1	4317637907	4317637993
4317638039	4317638134	4317638145	1	4317638041	4317638121
4317638166	4317638261	4317638271	1	4317638169	4317638249
4317638292	4317638386	4317638396	1	4317638295	4317638374
4317638417	4317638546	4317638557	1	4317638420	4317638499
4317638579	4317638676	4317638687	1	4317638581	4317638664
4317638708	4317638804	4317638814	1	4317638711	4317638792
4317638837	4317638930	4317638940	1	4317638839	4317638918
4317638962	4317639056	4317639067	1	4317638964	4317639044
4317639088	4317639182	4317639193	1	4317639091	4317639170
4317639214	4317639309	4317639319	1	4317639217	4317639297
4317639340	4317639473	4317639484	1	4317639342	4317639422
4317639506	4317639602	4317639612	1	4317639508	4317639589
4317639633	4317639729	4317639739	1	4317639636	4317639717
4317639762	4317639870	4317639881	1	4317639764	4317639857
4317639903	4317639999	4317640009	1	4317639906	4317639987
4317640030	4317640127	4317640137	1	4317640033	4317640114
4317640159	4317640252	4317640262	1	4317640161	4317640240
4317640284	4317640379	4317640389	1	4317640287	4317640366
4317640410	4317640504	4317640514	1	4317640413	4317640492
4317640535	4317640630	4317640640	1	4317640538	4317640618
4317640661	4317640755	4317640765	1	4317640664	4317640743
4317640786	4317640881	4317640891	1	4317640789	4317640869
4317640912	4317641006	4317641016	1	4317640914	4317640994
4317641039	4317641132	4317641142	1	4317641041	4317641120
4317641164	4317641258	4317641268	1	4317641166	4317641246
4317641290	4317641383	4317641393	1	4317641292	4317641371
4317641415	4317641509	4317641519	1	4317641417	4317641497
4317641541	4317641634	4317641645	1	4317641543	4317641622
4317641666	4317641759	4317641770	1	4317641668	4317641747
4317641791	4317641885	4317641896	1	4317641794	4317641873
4317642218	4317642278	4317642403	1	4317642224	4317642379
4317642590	4317642707	4317642719	1	4317642595	4317642691
4317642750	4317642856	4317642867	1	4317642753	4317642842
4317642893	4317642994	4317643005	1	4317642895	4317642981
4317643029	4317643129	4317643140	1	4317643032	4317643116
4317643164	4317643348	4317643360	1	4317643166	4317643331
4317643387	4317643490	4317643501	1	4317643390	4317643476
4317643524	4317643625	4317643635	1	4317643527	4317643611
4317643659	4317643761	4317643771	1	4317643662	4317643747
4317643795	4317643895	4317643906	1	4317643797	4317643882
4317643929	4317644029	4317644040	1	4317643931	4317644016
4317644063	4317644162	4317644173	1	4317644065	4317644149
4317644196	4317644295	4317644306	1	4317644198	4317644282
4317644329	4317644429	4317644440	1	4317644331	4317644416
4317644463	4317644561	4317644572	1	4317644465	4317644548
4317644596	4317644750	4317644763	1	4317644598	4317644735
4317644792	4317644898	4317644909	1	4317644795	4317644884
4317644935	4317645035	4317645047	1	4317644938	4317645023
4317645071	4317645171	4317645182	1	4317645074	4317645158
4317645207	4317645351	4317645363	1	4317645209	4317645337
4317645387	4317645494	4317645548	1	4317645390	4317645480
4317645575	4317645735	4317645746	1	4317645579	4317645670
4317645773	4317645877	4317645889	1	4317645775	4317645863
4317645912	4317646015	4317646026	1	4317645915	4317646001
4317646048	4317646148	4317646159	1	4317646051	4317646135
4317646181	4317646281	4317646292	1	4317646184	4317646268
4317646314	4317646414	4317646425	1	4317646317	4317646401
4317646447	4317646547	4317646624	1	4317646450	4317646534
4317646652	4317646761	4317646773	1	4317646656	4317646746
4317646797	4317646899	4317646909	1	4317646800	4317646885
4317646932	4317647032	4317647043	1	4317646935	4317647019
4317647065	4317647163	4317647174	1	4317647068	4317647151
4317647197	4317647295	4317647306	1	4317647200	4317647282
4317647328	4317647426	4317647437	1	4317647331	4317647413
4317647460	4317647560	4317647571	1	4317647463	4317647547
4317647593	4317647691	4317647704	1	4317647595	4317647678
4317647745	4317647847	4317647858	1	4317647747	4317647835
4317647879	4317647973	4317647984	1	4317647882	4317647961
4317648005	4317648103	4317648115	1	4317648007	4317648091
4317648136	4317648230	4317648240	1	4317648138	4317648218
4317648261	4317648354	4317648364	1	4317648263	4317648342
4317648385	4317648480	4317648490	1	4317648387	4317648467
4317648511	4317648873	4317648884	1	4317648513	4317648830
4317648911	4317649008	4317649019	1	4317648914	4317648995
4317649040	4317649134	4317649144	1	4317649042	4317649122
4317649164	4317649258	4317649268	1	4317649167	4317649246
4317649290	4317649422	4317649432	1	4317649292	4317649374
4317649453	4317649551	4317649561	1	4317649456	4317649539
4317649582	4317649677	4317649688	1	4317649585	4317649665
4317649709	4317649804	4317649814	1	4317649712	4317649792
4317649835	4317650111	4317650123	1	4317649837	4317650093
4317650159	4317650272	4317650283	1	4317650162	4317650258
4317650307	4317650406	4317650417	1	4317650310	4317650393
4317650439	4317650535	4317650545	1	4317650441	4317650523
4317650566	4317650661	4317650672	1	4317650568	4317650649
4317650692	4317650786	4317650797	1	4317650695	4317650774
4317650817	4317650912	4317650922	1	4317650820	4317650900
4317650945	4317651039	4317651049	1	4317650947	4317651027
4317651070	4317651164	4317651174	1	4317651073	4317651152
4317651195	4317651289	4317651300	1	4317651197	4317651278
4317651321	4317651415	4317651425	1	4317651323	4317651403
4317651447	4317651542	4317651552	1	4317651449	4317651530
4317651572	4317651666	4317651676	1	4317651575	4317651654
4317651697	4317651792	4317651802	1	4317651700	4317651779
4317651824	4317651918	4317651928	1	4317651826	4317651906
4317652166	4317652269	4317652279	1	4317652169	4317652255
4317652301	4317652398	4317652409	1	4317652304	4317652385
4317652430	4317652525	4317652535	1	4317652433	4317652513
4317652556	4317652650	4317652661	1	4317652558	4317652639
4317652682	4317652775	4317652785	1	4317652684	4317652763
4317652807	4317652901	4317652912	1	4317652809	4317652889
4317652933	4317653026	4317653036	1	4317652936	4317653014
4317653056	4317653150	4317653160	1	4317653058	4317653138
4317653181	4317653276	4317653368	1	4317653183	4317653263
4317653392	4317653500	4317653510	1	4317653397	4317653485
4317653532	4317653627	4317653638	1	4317653534	4317653615
4317653659	4317653754	4317653764	1	4317653661	4317653742
4317653784	4317653878	4317653889	1	4317653787	4317653866
4317653909	4317654003	4317654013	1	4317653912	4317653991
4317654035	4317654129	4317654140	1	4317654038	4317654117
4317654160	4317654255	4317654265	1	4317654163	4317654243
4317654286	4317654380	4317654391	1	4317654289	4317654368
4317654411	4317654506	4317654516	1	4317654414	4317654493
4317654538	4317654634	4317654644	1	4317654541	4317654622
4317654665	4317654759	4317654769	1	4317654668	4317654747
4317654790	4317654883	4317654894	1	4317654792	4317654871
4317654914	4317655008	4317655018	1	4317654917	4317654996
4317655039	4317655133	4317655143	1	4317655041	4317655121
4317655163	4317655258	4317655268	1	4317655166	4317655245
4317655289	4317655382	4317655392	1	4317655291	4317655370
4317655652	4317655677	4317655826	1	4317655657	4317655758
4317655856	4317655980	4317657573	1	4317655860	4317657532
4317657608	4317657718	4317657728	1	4317657614	4317657702
4317657755	4317657853	4317657863	1	4317657757	4317657839
4317657886	4317657978	4317657988	1	4317657888	4317657966
4317658010	4317658100	4317658111	1	4317658012	4317658089
4317658132	4317658222	4317658232	1	4317658134	4317658210
4317658253	4317658342	4317658352	1	4317658255	4317658331
4317658373	4317658463	4317658473	1	4317658375	4317658452
4317658493	4317658584	4317658593	1	4317658496	4317658572
4317658614	4317658705	4317658715	1	4317658616	4317658692
4317658735	4317658826	4317658835	1	4317658738	4317658814
4317658855	4317658946	4317658956	1	4317658858	4317658934
4317658976	4317659183	4317659194	1	4317658978	4317659165
4317659230	4317659349	4317659360	1	4317659235	4317659335
4317659384	4317659487	4317659497	1	4317659387	4317659472
4317659519	4317659616	4317659626	1	4317659522	4317659603
4317659648	4317659742	4317659752	1	4317659650	4317659730
4317659773	4317659869	4317659879	1	4317659775	4317659857
4317659900	4317659994	4317660004	1	4317659903	4317659982
4317660025	4317660201	4317660212	1	4317660028	4317660186
4317660237	4317660333	4317660343	1	4317660239	4317660321
4317660364	4317660458	4317660469	1	4317660366	4317660446
4317660489	4317660583	4317660593	1	4317660492	4317660570
4317660615	4317660709	4317660719	1	4317660617	4317660697
4317660740	4317660834	4317660844	1	4317660742	4317660822
4317660864	4317660958	4317660968	1	4317660867	4317660945
4317660990	4317661083	4317661093	1	4317660992	4317661071
4317661113	4317661206	4317661216	1	4317661115	4317661194
4317661237	4317661330	4317661340	1	4317661239	4317661318
4317661360	4317661453	4317661463	1	4317661363	4317661441
4317661484	4317661578	4317661588	1	4317661487	4317661565
4317661609	4317661702	4317661712	1	4317661611	4317661690
4317661733	4317661827	4317661837	1	4317661735	4317661814
4317661857	4317661951	4317661961	1	4317661860	4317661939
4317661982	4317662078	4317662089	1	4317661984	4317662066
4317662121	4317662412	4317662424	1	4317662123	4317662304
4317662456	4317662570	4317662581	1	4317662460	4317662555
4317662607	4317662711	4317662722	1	4317662609	4317662697
4317662745	4317662847	4317662858	1	4317662748	4317662833
4317662881	4317662981	4317662993	1	4317662883	4317662968
4317663015	4317663115	4317663125	1	4317663018	4317663102
4317663147	4317663247	4317663257	1	4317663150	4317663233
4317663279	4317663379	4317663389	1	4317663282	4317663366
4317663411	4317663603	4317663616	1	4317663414	4317663587
4317663655	4317663763	4317663774	1	4317663659	4317663748
4317663799	4317663899	4317663910	1	4317663802	4317663886
4317663934	4317664033	4317664044	1	4317663937	4317664020
4317664067	4317664167	4317664178	1	4317664070	4317664154
4317664201	4317664298	4317664309	1	4317664203	4317664286
4317664331	4317664430	4317664441	1	4317664334	4317664417
4317664464	4317664563	4317664574	1	4317664467	4317664551
4317664596	4317664695	4317664706	1	4317664599	4317664682
4317664728	4317664827	4317664838	1	4317664730	4317664815
4317664860	4317664958	4317664969	1	4317664863	4317664946
4317665001	4317665117	4317665127	1	4317665007	4317665105
4317665148	4317665245	4317665257	1	4317665151	4317665233
4317665278	4317665371	4317665382	1	4317665280	4317665359
4317665403	4317665497	4317665508	1	4317665406	4317665484
4317665529	4317665689	4317665700	1	4317665531	4317665672
4317665722	4317665822	4317665833	1	4317665725	4317665809
4317665854	4317665949	4317665960	1	4317665856	4317665937
4317665981	4317666076	4317666086	1	4317665983	4317666063
4317666107	4317666203	4317666213	1	4317666110	4317666191
4317666234	4317666328	4317666338	1	4317666237	4317666315
4317666359	4317666453	4317666463	1	4317666362	4317666440
4317666484	4317666576	4317666586	1	4317666487	4317666564
4317666607	4317666698	4317666708	1	4317666609	4317666686
4317666729	4317666960	4317666972	1	4317666731	4317666945
4317667003	4317667108	4317667119	1	4317667006	4317667095
4317667142	4317667234	4317667244	1	4317667145	4317667223
4317667266	4317667361	4317667371	1	4317667269	4317667348
4317667393	4317667484	4317667494	1	4317667395	4317667472
4317667515	4317667606	4317667616	1	4317667518	4317667594
4317667638	4317667729	4317667739	1	4317667640	4317667717
4317667761	4317667853	4317667863	1	4317667763	4317667841
4317667884	4317668014	4317668025	1	4317667887	4317667964
4317668047	4317668142	4317668152	1	4317668049	4317668129
4317668173	4317668265	4317668275	1	4317668176	4317668253
4317668296	4317668387	4317668398	1	4317668298	4317668374
4317668418	4317668509	4317668519	1	4317668421	4317668497
4317668540	4317668630	4317668640	1	4317668542	4317668618
4317668661	4317668752	4317668762	1	4317668663	4317668740
4317668783	4317668874	4317668884	1	4317668786	4317668862
4317669192	4317669307	4317669318	1	4317669197	4317669292
4317669348	4317669445	4317669456	1	4317669351	4317669431
4317669478	4317669570	4317669581	1	4317669480	4317669558
4317669603	4317669695	4317669705	1	4317669605	4317669683
4317669726	4317669817	4317669828	1	4317669729	4317669806
4317669849	4317669941	4317669951	1	4317669851	4317669929
4317669972	4317670064	4317670075	1	4317669975	4317670052
4317670095	4317670290	4317670301	1	4317670098	4317670174
4317670325	4317670426	4317670437	1	4317670327	4317670414
4317670459	4317670552	4317670563	1	4317670461	4317670540
4317670583	4317670674	4317670685	1	4317670586	4317670662
4317670706	4317670817	4317670827	1	4317670708	4317670804
4317670849	4317670940	4317670951	1	4317670851	4317670927
4317670987	4317671076	4317671086	1	4317670989	4317671064
4317671131	4317671218	4317671228	1	4317671133	4317671206
4317671272	4317671360	4317671370	1	4317671274	4317671349
4317671414	4317671500	4317671510	1	4317671416	4317671489
4317671554	4317671642	4317671652	1	4317671557	4317671631
4317671695	4317671783	4317671793	1	4317671698	4317671771
4317672643	4317672798	4317672981	1	4317672648	4317672960
4317673033	4317673140	4317673151	1	4317673037	4317673125
4317673192	4317673286	4317673296	1	4317673194	4317673273
4317673336	4317673427	4317673437	1	4317673338	4317673414
4317673474	4317673641	4317673652	1	4317673477	4317673625
4317673695	4317673795	4317673806	1	4317673699	4317673782
4317673846	4317673938	4317673948	1	4317673849	4317673926
4317673987	4317674076	4317674087	1	4317673989	4317674064
4317674124	4317674212	4317674222	1	4317674126	4317674200
4317674258	4317674346	4317674356	1	4317674261	4317674334
4317674392	4317674480	4317674490	1	4317674395	4317674468
4317674526	4317674614	4317674624	1	4317674529	4317674602
4317674660	4317674748	4317674758	1	4317674663	4317674736
4317674794	4317674882	4317674891	1	4317674797	4317674870
4317674927	4317675014	4317675023	1	4317674929	4317675002
4317675060	4317675146	4317675155	1	4317675062	4317675134
4317675191	4317675278	4317675288	1	4317675193	4317675267
4317675324	4317675411	4317675421	1	4317675326	4317675399
4317675457	4317675545	4317675555	1	4317675460	4317675533
4317675590	4317675737	4317675748	1	4317675593	4317675723
4317675791	4317675887	4317675897	1	4317675793	4317675874
4317675934	4317676024	4317676034	1	4317675937	4317676011
4317676071	4317676160	4317676169	1	4317676074	4317676148
4317676205	4317676293	4317676303	1	4317676207	4317676281
4317676338	4317676425	4317676435	1	4317676340	4317676413
4317676474	4317676586	4317676596	1	4317676476	4317676563
4317676635	4317676731	4317676742	1	4317676637	4317676717
4317676781	4317676873	4317676883	1	4317676784	4317676861
4317676921	4317677104	4317677114	1	4317676923	4317677085
4317677157	4317677255	4317677266	1	4317677160	4317677242
4317677305	4317677399	4317677409	1	4317677307	4317677387
4317677447	4317677539	4317677549	1	4317677449	4317677526
4317677587	4317677681	4317677691	1	4317677590	4317677668
4317677729	4317677821	4317677831	1	4317677732	4317677809
4317677870	4317677962	4317677974	1	4317677872	4317677950
4317678012	4317678103	4317678113	1	4317678014	4317678091
4317678151	4317678243	4317678253	1	4317678153	4317678231
4317678292	4317678383	4317678394	1	4317678294	4317678372
4317678432	4317678524	4317678535	1	4317678434	4317678512
4317678574	4317678665	4317678675	1	4317678576	4317678653
4317678713	4317678805	4317678815	1	4317678715	4317678793
4317678854	4317678946	4317678957	1	4317678856	4317678935
4317678995	4317679087	4317679097	1	4317678998	4317679075
