# hakuX #462 signal timing: ST_Done_Tiny
freq_hz 3375000
quads 1
target_switch 0
readback 0
reps 300
semaphore_timeouts 0
notify_timeouts 0
busy_timeouts 0
submit(first_draw_to_kick) n=300 median=16.000 p5=15.704 p95=16.296 min=15.704 max=21.333 us
kick_to_semaphore n=300 median=2.667 p5=2.667 p95=2.963 min=2.667 max=2.963 us
kick_to_notify n=300 median=4.148 p5=4.148 p95=4.444 min=4.148 max=4.444 us
# raw, counter ticks unless named
start	kick	semaphore_seen	notify_seen	notify_slot	ntf0_ts_lo	ntf0_ts_hi	ntf1_ts_lo	ntf1_ts_hi	read_ticks
1727442970	1727443042	1727443052	1727443057	0	3511052768	2183	4294967295	4294967295	0
1727443107	1727443162	1727443171	1727443176	0	3511088480	2183	4294967295	4294967295	0
1727443214	1727443267	1727443276	1727443281	0	3511119808	2183	4294967295	4294967295	0
1727443317	1727443371	1727443380	1727443385	0	3511150464	2183	4294967295	4294967295	0
1727443413	1727443466	1727443475	1727443480	0	3511178624	2183	4294967295	4294967295	0
1727443519	1727443573	1727443583	1727443588	0	3511210432	2183	4294967295	4294967295	0
1727443615	1727443669	1727443678	1727443683	0	3511238784	2183	4294967295	4294967295	0
1727443710	1727443764	1727443773	1727443778	0	3511266880	2183	4294967295	4294967295	0
1727443805	1727443859	1727443868	1727443873	0	3511295040	2183	4294967295	4294967295	0
1727443924	1727443979	1727443988	1727443993	0	3511330496	2183	4294967295	4294967295	0
1727444021	1727444075	1727444084	1727444089	0	3511358912	2183	4294967295	4294967295	0
1727444116	1727444170	1727444179	1727444184	0	3511387168	2183	4294967295	4294967295	0
1727444211	1727444264	1727444273	1727444278	0	3511415040	2183	4294967295	4294967295	0
1727444304	1727444358	1727444367	1727444372	0	3511442880	2183	4294967295	4294967295	0
1727444398	1727444452	1727444461	1727444466	0	3511470720	2183	4294967295	4294967295	0
1727444492	1727444547	1727444556	1727444561	0	3511498688	2183	4294967295	4294967295	0
1727444588	1727444642	1727444651	1727444656	0	3511526976	2183	4294967295	4294967295	0
1727444726	1727444781	1727444790	1727444795	0	3511568288	2183	4294967295	4294967295	0
1727444822	1727444876	1727444885	1727444890	0	3511596288	2183	4294967295	4294967295	0
1727444917	1727444970	1727444979	1727444984	0	3511624320	2183	4294967295	4294967295	0
1727445011	1727445064	1727445073	1727445078	0	3511652096	2183	4294967295	4294967295	0
1727445105	1727445159	1727445169	1727445174	0	3511680256	2183	4294967295	4294967295	0
1727445200	1727445254	1727445263	1727445268	0	3511708320	2183	4294967295	4294967295	0
1727445294	1727445348	1727445357	1727445362	0	3511736192	2183	4294967295	4294967295	0
1727445389	1727445442	1727445452	1727445457	0	3511764064	2183	4294967295	4294967295	0
1727445484	1727445538	1727445547	1727445552	0	3511792480	2183	4294967295	4294967295	0
1727445579	1727445633	1727445642	1727445647	0	3511820640	2183	4294967295	4294967295	0
1727445673	1727445727	1727445737	1727445742	0	3511848544	2183	4294967295	4294967295	0
1727445768	1727445822	1727445831	1727445836	0	3511876512	2183	4294967295	4294967295	0
1727445863	1727445918	1727445927	1727445932	0	3511905152	2183	4294967295	4294967295	0
1727445958	1727446011	1727446021	1727446026	0	3511932768	2183	4294967295	4294967295	0
1727446052	1727446106	1727446115	1727446120	0	3511960800	2183	4294967295	4294967295	0
1727446146	1727446200	1727446209	1727446214	0	3511988608	2183	4294967295	4294967295	0
1727446299	1727446353	1727446363	1727446368	0	3512034080	2183	4294967295	4294967295	0
1727446395	1727446449	1727446458	1727446463	0	3512062304	2183	4294967295	4294967295	0
1727446490	1727446544	1727446553	1727446558	0	3512090592	2183	4294967295	4294967295	0
1727446585	1727446638	1727446648	1727446653	0	3512118496	2183	4294967295	4294967295	0
1727446679	1727446733	1727446742	1727446747	0	3512146496	2183	4294967295	4294967295	0
1727446773	1727446827	1727446836	1727446841	0	3512174336	2183	4294967295	4294967295	0
1727446868	1727446922	1727446931	1727446936	0	3512202496	2183	4294967295	4294967295	0
1727446962	1727447016	1727447025	1727447030	0	3512230272	2183	4294967295	4294967295	0
1727447056	1727447111	1727447121	1727447126	0	3512258368	2183	4294967295	4294967295	0
1727447152	1727447206	1727447215	1727447220	0	3512286656	2183	4294967295	4294967295	0
1727447247	1727447310	1727447319	1727447324	0	3512317440	2183	4294967295	4294967295	0
1727447351	1727447404	1727447414	1727447419	0	3512345472	2183	4294967295	4294967295	0
1727447446	1727447500	1727447510	1727447515	0	3512373696	2183	4294967295	4294967295	0
1727447542	1727447596	1727447605	1727447610	0	3512402144	2183	4294967295	4294967295	0
1727447731	1727447786	1727447795	1727447800	0	3512458400	2183	4294967295	4294967295	0
1727447827	1727447881	1727447890	1727447895	0	3512486528	2183	4294967295	4294967295	0
1727447921	1727447976	1727447985	1727447990	0	3512514816	2183	4294967295	4294967295	0
1727448016	1727448070	1727448079	1727448084	0	3512542656	2183	4294967295	4294967295	0
1727448110	1727448164	1727448173	1727448178	0	3512570464	2183	4294967295	4294967295	0
1727448205	1727448259	1727448268	1727448273	0	3512598464	2183	4294967295	4294967295	0
1727448300	1727448354	1727448363	1727448368	0	3512626784	2183	4294967295	4294967295	0
1727448395	1727448448	1727448457	1727448462	0	3512654784	2183	4294967295	4294967295	0
1727448490	1727448544	1727448553	1727448558	0	3512683072	2183	4294967295	4294967295	0
1727448585	1727448639	1727448648	1727448653	0	3512711136	2183	4294967295	4294967295	0
1727448679	1727448733	1727448742	1727448747	0	3512739168	2183	4294967295	4294967295	0
1727448774	1727448827	1727448836	1727448841	0	3512767008	2183	4294967295	4294967295	0
1727448868	1727448922	1727448931	1727448936	0	3512795200	2183	4294967295	4294967295	0
1727448963	1727449016	1727449025	1727449030	0	3512822944	2183	4294967295	4294967295	0
1727449056	1727449111	1727449120	1727449125	0	3512851168	2183	4294967295	4294967295	0
1727449151	1727449205	1727449214	1727449219	0	3512878880	2183	4294967295	4294967295	0
1727449246	1727449300	1727449309	1727449314	0	3512907104	2183	4294967295	4294967295	0
1727449341	1727449395	1727449404	1727449409	0	3512935328	2183	4294967295	4294967295	0
1727449522	1727449577	1727449586	1727449591	0	3512989024	2183	4294967295	4294967295	0
1727449618	1727449672	1727449682	1727449687	0	3513017344	2183	4294967295	4294967295	0
1727449713	1727449768	1727449777	1727449782	0	3513045600	2183	4294967295	4294967295	0
1727449810	1727449863	1727449873	1727449878	0	3513073952	2183	4294967295	4294967295	0
1727449905	1727449959	1727449968	1727449973	0	3513102368	2183	4294967295	4294967295	0
1727449999	1727450053	1727450062	1727450067	0	3513130208	2183	4294967295	4294967295	0
1727450093	1727450147	1727450156	1727450161	0	3513158048	2183	4294967295	4294967295	0
1727450188	1727450242	1727450251	1727450256	0	3513186144	2183	4294967295	4294967295	0
1727450283	1727450337	1727450346	1727450351	0	3513214304	2183	4294967295	4294967295	0
1727450377	1727450431	1727450440	1727450445	0	3513242112	2183	4294967295	4294967295	0
1727450471	1727450526	1727450535	1727450540	0	3513270112	2183	4294967295	4294967295	0
1727450567	1727450621	1727450630	1727450635	0	3513298240	2183	4294967295	4294967295	0
1727450671	1727450725	1727450735	1727450740	0	3513329312	2183	4294967295	4294967295	0
1727450767	1727450821	1727450830	1727450835	0	3513357600	2183	4294967295	4294967295	0
1727450861	1727450915	1727450924	1727450929	0	3513385504	2183	4294967295	4294967295	0
1727450957	1727451011	1727451020	1727451025	0	3513413856	2183	4294967295	4294967295	0
1727451052	1727451106	1727451116	1727451121	0	3513442208	2183	4294967295	4294967295	0
1727451148	1727451202	1727451211	1727451216	0	3513470560	2183	4294967295	4294967295	0
1727451243	1727451297	1727451306	1727451311	0	3513498720	2183	4294967295	4294967295	0
1727451338	1727451392	1727451401	1727451406	0	3513526720	2183	4294967295	4294967295	0
1727451432	1727451486	1727451495	1727451500	0	3513554816	2183	4294967295	4294967295	0
1727451526	1727451580	1727451590	1727451595	0	3513582624	2183	4294967295	4294967295	0
1727451621	1727451675	1727451685	1727451690	0	3513610752	2183	4294967295	4294967295	0
1727451718	1727451772	1727451782	1727451787	0	3513639488	2183	4294967295	4294967295	0
1727451814	1727451869	1727451878	1727451883	0	3513668064	2183	4294967295	4294967295	0
1727451910	1727451964	1727451973	1727451978	0	3513696288	2183	4294967295	4294967295	0
1727452005	1727452059	1727452069	1727452074	0	3513724576	2183	4294967295	4294967295	0
1727452102	1727452155	1727452164	1727452169	0	3513752992	2183	4294967295	4294967295	0
1727452196	1727452250	1727452259	1727452264	0	3513781152	2183	4294967295	4294967295	0
1727452291	1727452344	1727452353	1727452358	0	3513809024	2183	4294967295	4294967295	0
1727452385	1727452438	1727452447	1727452452	0	3513836928	2183	4294967295	4294967295	0
1727452479	1727452533	1727452542	1727452547	0	3513864896	2183	4294967295	4294967295	0
1727452573	1727452627	1727452636	1727452641	0	3513892704	2183	4294967295	4294967295	0
1727452668	1727452722	1727452731	1727452736	0	3513920768	2183	4294967295	4294967295	0
1727452763	1727452817	1727452827	1727452832	0	3513949088	2183	4294967295	4294967295	0
1727452859	1727452912	1727452921	1727452926	0	3513977216	2183	4294967295	4294967295	0
1727452952	1727453007	1727453016	1727453021	0	3514005248	2183	4294967295	4294967295	0
1727453047	1727453101	1727453110	1727453115	0	3514033056	2183	4294967295	4294967295	0
1727453142	1727453196	1727453205	1727453210	0	3514061376	2183	4294967295	4294967295	0
1727453238	1727453292	1727453301	1727453306	0	3514089696	2183	4294967295	4294967295	0
1727453333	1727453387	1727453396	1727453401	0	3514117888	2183	4294967295	4294967295	0
1727453428	1727453482	1727453491	1727453496	0	3514145952	2183	4294967295	4294967295	0
1727453524	1727453578	1727453587	1727453592	0	3514174400	2183	4294967295	4294967295	0
1727453620	1727453673	1727453682	1727453687	0	3514202656	2183	4294967295	4294967295	0
1727453715	1727453769	1727453778	1727453783	0	3514231136	2183	4294967295	4294967295	0
1727453810	1727453864	1727453873	1727453878	0	3514259104	2183	4294967295	4294967295	0
1727453904	1727453959	1727453968	1727453973	0	3514287200	2183	4294967295	4294967295	0
1727454000	1727454061	1727454070	1727454075	0	3514317664	2183	4294967295	4294967295	0
1727454102	1727454156	1727454165	1727454170	0	3514345792	2183	4294967295	4294967295	0
1727454197	1727454251	1727454260	1727454265	0	3514373728	2183	4294967295	4294967295	0
1727454291	1727454346	1727454355	1727454360	0	3514401952	2183	4294967295	4294967295	0
1727454387	1727454440	1727454449	1727454454	0	3514430016	2183	4294967295	4294967295	0
1727454482	1727454536	1727454545	1727454550	0	3514458336	2183	4294967295	4294967295	0
1727454576	1727454630	1727454639	1727454644	0	3514486048	2183	4294967295	4294967295	0
1727454670	1727454724	1727454733	1727454738	0	3514514144	2183	4294967295	4294967295	0
1727454766	1727454820	1727454829	1727454834	0	3514542368	2183	4294967295	4294967295	0
1727454861	1727454915	1727454924	1727454929	0	3514570656	2183	4294967295	4294967295	0
1727454956	1727455010	1727455019	1727455024	0	3514598720	2183	4294967295	4294967295	0
1727455051	1727455105	1727455115	1727455120	0	3514626752	2183	4294967295	4294967295	0
1727455147	1727455200	1727455209	1727455214	0	3514655136	2183	4294967295	4294967295	0
1727455240	1727455294	1727455303	1727455308	0	3514682976	2183	4294967295	4294967295	0
1727455334	1727455388	1727455397	1727455402	0	3514710656	2183	4294967295	4294967295	0
1727455429	1727455483	1727455492	1727455497	0	3514738848	2183	4294967295	4294967295	0
1727455524	1727455578	1727455587	1727455593	0	3514766944	2183	4294967295	4294967295	0
1727455775	1727455831	1727455840	1727455845	0	3514842112	2183	4294967295	4294967295	0
1727455872	1727455926	1727455935	1727455940	0	3514870080	2183	4294967295	4294967295	0
1727455966	1727456020	1727456030	1727456035	0	3514898112	2183	4294967295	4294967295	0
1727456062	1727456115	1727456124	1727456129	0	3514926144	2183	4294967295	4294967295	0
1727456156	1727456210	1727456219	1727456224	0	3514954304	2183	4294967295	4294967295	0
1727456252	1727456306	1727456316	1727456321	0	3514982624	2183	4294967295	4294967295	0
1727456348	1727456402	1727456411	1727456416	0	3515011104	2183	4294967295	4294967295	0
1727456443	1727456496	1727456506	1727456511	0	3515039168	2183	4294967295	4294967295	0
1727456539	1727456593	1727456602	1727456607	0	3515067872	2183	4294967295	4294967295	0
1727456633	1727456687	1727456696	1727456701	0	3515095616	2183	4294967295	4294967295	0
1727456728	1727456782	1727456791	1727456796	0	3515123776	2183	4294967295	4294967295	0
1727456822	1727456875	1727456885	1727456890	0	3515151360	2183	4294967295	4294967295	0
1727456916	1727456971	1727456980	1727456985	0	3515179552	2183	4294967295	4294967295	0
1727457013	1727457067	1727457076	1727457081	0	3515208096	2183	4294967295	4294967295	0
1727457108	1727457162	1727457171	1727457176	0	3515236256	2183	4294967295	4294967295	0
1727457203	1727457257	1727457266	1727457271	0	3515264384	2183	4294967295	4294967295	0
1727457299	1727457353	1727457362	1727457367	0	3515292928	2183	4294967295	4294967295	0
1727457405	1727457459	1727457468	1727457473	0	3515324224	2183	4294967295	4294967295	0
1727457501	1727457555	1727457564	1727457569	0	3515352832	2183	4294967295	4294967295	0
1727457595	1727457648	1727457657	1727457662	0	3515380448	2183	4294967295	4294967295	0
1727457688	1727457742	1727457752	1727457757	0	3515408288	2183	4294967295	4294967295	0
1727457784	1727457838	1727457847	1727457852	0	3515436544	2183	4294967295	4294967295	0
1727457878	1727457932	1727457941	1727457946	0	3515464544	2183	4294967295	4294967295	0
1727457973	1727458027	1727458036	1727458041	0	3515492416	2183	4294967295	4294967295	0
1727458068	1727458122	1727458131	1727458136	0	3515520768	2183	4294967295	4294967295	0
1727458163	1727458217	1727458226	1727458231	0	3515548800	2183	4294967295	4294967295	0
1727458258	1727458312	1727458321	1727458326	0	3515577056	2183	4294967295	4294967295	0
1727458353	1727458406	1727458415	1727458420	0	3515604960	2183	4294967295	4294967295	0
1727458447	1727458501	1727458510	1727458515	0	3515632928	2183	4294967295	4294967295	0
1727458543	1727458597	1727458606	1727458611	0	3515661408	2183	4294967295	4294967295	0
1727458638	1727458692	1727458701	1727458706	0	3515689728	2183	4294967295	4294967295	0
1727458733	1727458787	1727458796	1727458801	0	3515717664	2183	4294967295	4294967295	0
1727458828	1727458883	1727458892	1727458897	0	3515746144	2183	4294967295	4294967295	0
1727458924	1727458978	1727458987	1727458992	0	3515774368	2183	4294967295	4294967295	0
1727459020	1727459074	1727459083	1727459088	0	3515802720	2183	4294967295	4294967295	0
1727459114	1727459168	1727459177	1727459182	0	3515830496	2183	4294967295	4294967295	0
1727459208	1727459263	1727459272	1727459277	0	3515858944	2183	4294967295	4294967295	0
1727459304	1727459358	1727459367	1727459372	0	3515886944	2183	4294967295	4294967295	0
1727459399	1727459453	1727459462	1727459467	0	3515915072	2183	4294967295	4294967295	0
1727459494	1727459547	1727459557	1727459562	0	3515943072	2183	4294967295	4294967295	0
1727459589	1727459643	1727459652	1727459657	0	3515971264	2183	4294967295	4294967295	0
1727459685	1727459738	1727459747	1727459752	0	3515999584	2183	4294967295	4294967295	0
1727459779	1727459833	1727459842	1727459847	0	3516027840	2183	4294967295	4294967295	0
1727459873	1727459926	1727459936	1727459941	0	3516055328	2183	4294967295	4294967295	0
1727459967	1727460021	1727460030	1727460035	0	3516083456	2183	4294967295	4294967295	0
1727460062	1727460116	1727460125	1727460130	0	3516111456	2183	4294967295	4294967295	0
1727460156	1727460210	1727460220	1727460225	0	3516139456	2183	4294967295	4294967295	0
1727460252	1727460306	1727460315	1727460320	0	3516167776	2183	4294967295	4294967295	0
1727460347	1727460401	1727460410	1727460415	0	3516196064	2183	4294967295	4294967295	0
1727460441	1727460495	1727460504	1727460509	0	3516223744	2183	4294967295	4294967295	0
1727460536	1727460589	1727460598	1727460603	0	3516251776	2183	4294967295	4294967295	0
1727460629	1727460682	1727460691	1727460696	0	3516279360	2183	4294967295	4294967295	0
1727460723	1727460786	1727460795	1727460800	0	3516309920	2183	4294967295	4294967295	0
1727460828	1727460881	1727460891	1727460896	0	3516338304	2183	4294967295	4294967295	0
1727460922	1727460976	1727460985	1727460990	0	3516366368	2183	4294967295	4294967295	0
1727461016	1727461070	1727461079	1727461084	0	3516394144	2183	4294967295	4294967295	0
1727461111	1727461165	1727461174	1727461179	0	3516422368	2183	4294967295	4294967295	0
1727461206	1727461260	1727461269	1727461274	0	3516450432	2183	4294967295	4294967295	0
1727461301	1727461355	1727461364	1727461369	0	3516478656	2183	4294967295	4294967295	0
1727461395	1727461449	1727461458	1727461463	0	3516506304	2183	4294967295	4294967295	0
1727461489	1727461543	1727461552	1727461557	0	3516534432	2183	4294967295	4294967295	0
1727461584	1727461638	1727461647	1727461652	0	3516562528	2183	4294967295	4294967295	0
1727461678	1727461732	1727461741	1727461746	0	3516590272	2183	4294967295	4294967295	0
1727461773	1727461827	1727461836	1727461841	0	3516618400	2183	4294967295	4294967295	0
1727461868	1727461922	1727461931	1727461936	0	3516646464	2183	4294967295	4294967295	0
1727461963	1727462017	1727462026	1727462031	0	3516674784	2183	4294967295	4294967295	0
1727462059	1727462113	1727462122	1727462127	0	3516703168	2183	4294967295	4294967295	0
1727462153	1727462206	1727462216	1727462221	0	3516730848	2183	4294967295	4294967295	0
1727462247	1727462301	1727462310	1727462315	0	3516758848	2183	4294967295	4294967295	0
1727462342	1727462396	1727462405	1727462410	0	3516787040	2183	4294967295	4294967295	0
1727462437	1727462491	1727462500	1727462506	0	3516815136	2183	4294967295	4294967295	0
1727462533	1727462587	1727462596	1727462601	0	3516843840	2183	4294967295	4294967295	0
1727462627	1727462682	1727462691	1727462696	0	3516871584	2183	4294967295	4294967295	0
1727462723	1727462777	1727462786	1727462791	0	3516899936	2183	4294967295	4294967295	0
1727462818	1727462872	1727462882	1727462887	0	3516927936	2183	4294967295	4294967295	0
1727462913	1727462966	1727462975	1727462980	0	3516956000	2183	4294967295	4294967295	0
1727463007	1727463061	1727463070	1727463075	0	3516984096	2183	4294967295	4294967295	0
1727463102	1727463156	1727463165	1727463170	0	3517012032	2183	4294967295	4294967295	0
1727463197	1727463251	1727463260	1727463266	0	3517040384	2183	4294967295	4294967295	0
1727463293	1727463346	1727463355	1727463360	0	3517068544	2183	4294967295	4294967295	0
1727463387	1727463441	1727463451	1727463456	0	3517096736	2183	4294967295	4294967295	0
1727463483	1727463536	1727463545	1727463550	0	3517124832	2183	4294967295	4294967295	0
1727463577	1727463632	1727463641	1727463646	0	3517153088	2183	4294967295	4294967295	0
1727463672	1727463726	1727463735	1727463740	0	3517180992	2183	4294967295	4294967295	0
1727463766	1727463820	1727463829	1727463834	0	3517209024	2183	4294967295	4294967295	0
1727463862	1727463916	1727463925	1727463930	0	3517237216	2183	4294967295	4294967295	0
1727463956	1727464011	1727464020	1727464025	0	3517265696	2183	4294967295	4294967295	0
1727464051	1727464105	1727464115	1727464120	0	3517293408	2183	4294967295	4294967295	0
1727464161	1727464215	1727464224	1727464229	0	3517325984	2183	4294967295	4294967295	0
1727464256	1727464310	1727464319	1727464324	0	3517354016	2183	4294967295	4294967295	0
1727464352	1727464406	1727464415	1727464420	0	3517382528	2183	4294967295	4294967295	0
1727464446	1727464499	1727464508	1727464513	0	3517410176	2183	4294967295	4294967295	0
1727464540	1727464594	1727464603	1727464608	0	3517438112	2183	4294967295	4294967295	0
1727464636	1727464690	1727464699	1727464704	0	3517466656	2183	4294967295	4294967295	0
1727464731	1727464785	1727464794	1727464799	0	3517494816	2183	4294967295	4294967295	0
1727464825	1727464879	1727464889	1727464894	0	3517522720	2183	4294967295	4294967295	0
1727464921	1727464975	1727464984	1727464989	0	3517551040	2183	4294967295	4294967295	0
1727465016	1727465070	1727465079	1727465084	0	3517579360	2183	4294967295	4294967295	0
1727465111	1727465165	1727465175	1727465180	0	3517607712	2183	4294967295	4294967295	0
1727465206	1727465260	1727465269	1727465275	0	3517635392	2183	4294967295	4294967295	0
1727465302	1727465356	1727465365	1727465370	0	3517663904	2183	4294967295	4294967295	0
1727465398	1727465452	1727465461	1727465466	0	3517692320	2183	4294967295	4294967295	0
1727465492	1727465546	1727465556	1727465561	0	3517720448	2183	4294967295	4294967295	0
1727465588	1727465641	1727465650	1727465655	0	3517748480	2183	4294967295	4294967295	0
1727465682	1727465736	1727465745	1727465750	0	3517776576	2183	4294967295	4294967295	0
1727465777	1727465831	1727465840	1727465845	0	3517804704	2183	4294967295	4294967295	0
1727465872	1727465926	1727465935	1727465940	0	3517832864	2183	4294967295	4294967295	0
1727465966	1727466020	1727466029	1727466034	0	3517860640	2183	4294967295	4294967295	0
1727466060	1727466114	1727466123	1727466128	0	3517888544	2183	4294967295	4294967295	0
1727466156	1727466210	1727466219	1727466224	0	3517916896	2183	4294967295	4294967295	0
1727466250	1727466305	1727466314	1727466319	0	3517945056	2183	4294967295	4294967295	0
1727466346	1727466400	1727466409	1727466414	0	3517973152	2183	4294967295	4294967295	0
1727466441	1727466495	1727466504	1727466509	0	3518001472	2183	4294967295	4294967295	0
1727466536	1727466590	1727466599	1727466604	0	3518029664	2183	4294967295	4294967295	0
1727466631	1727466685	1727466694	1727466699	0	3518057632	2183	4294967295	4294967295	0
1727466725	1727466778	1727466787	1727466792	0	3518085376	2183	4294967295	4294967295	0
1727466819	1727466873	1727466882	1727466887	0	3518113408	2183	4294967295	4294967295	0
1727466914	1727466968	1727466977	1727466982	0	3518141600	2183	4294967295	4294967295	0
1727467009	1727467064	1727467073	1727467078	0	3518169856	2183	4294967295	4294967295	0
1727467104	1727467158	1727467167	1727467172	0	3518197824	2183	4294967295	4294967295	0
1727467199	1727467254	1727467263	1727467268	0	3518226144	2183	4294967295	4294967295	0
1727467295	1727467349	1727467359	1727467364	0	3518254464	2183	4294967295	4294967295	0
1727467391	1727467445	1727467454	1727467459	0	3518282880	2183	4294967295	4294967295	0
1727467485	1727467548	1727467557	1727467562	0	3518313280	2183	4294967295	4294967295	0
1727467589	1727467643	1727467652	1727467657	0	3518341472	2183	4294967295	4294967295	0
1727467685	1727467739	1727467748	1727467753	0	3518369984	2183	4294967295	4294967295	0
1727467779	1727467833	1727467842	1727467847	0	3518397792	2183	4294967295	4294967295	0
1727467873	1727467926	1727467935	1727467940	0	3518425376	2183	4294967295	4294967295	0
1727468270	1727468325	1727468335	1727468340	0	3518543744	2183	4294967295	4294967295	0
1727468368	1727468422	1727468431	1727468436	0	3518572256	2183	4294967295	4294967295	0
1727468464	1727468518	1727468528	1727468533	0	3518600896	2183	4294967295	4294967295	0
1727468559	1727468612	1727468621	1727468626	0	3518628576	2183	4294967295	4294967295	0
1727468654	1727468707	1727468716	1727468721	0	3518656928	2183	4294967295	4294967295	0
1727468749	1727468803	1727468812	1727468817	0	3518685120	2183	4294967295	4294967295	0
1727468844	1727468897	1727468906	1727468911	0	3518713120	2183	4294967295	4294967295	0
1727468937	1727468991	1727469000	1727469005	0	3518740864	2183	4294967295	4294967295	0
1727469032	1727469086	1727469096	1727469101	0	3518769312	2183	4294967295	4294967295	0
1727469127	1727469181	1727469190	1727469195	0	3518797152	2183	4294967295	4294967295	0
1727469222	1727469276	1727469285	1727469290	0	3518825344	2183	4294967295	4294967295	0
1727469317	1727469370	1727469379	1727469384	0	3518853216	2183	4294967295	4294967295	0
1727469412	1727469466	1727469475	1727469480	0	3518881632	2183	4294967295	4294967295	0
1727469508	1727469562	1727469571	1727469576	0	3518910080	2183	4294967295	4294967295	0
1727469604	1727469658	1727469667	1727469672	0	3518938496	2183	4294967295	4294967295	0
1727469699	1727469752	1727469761	1727469766	0	3518966528	2183	4294967295	4294967295	0
1727469793	1727469847	1727469856	1727469861	0	3518994496	2183	4294967295	4294967295	0
1727469887	1727469941	1727469950	1727469955	0	3519022368	2183	4294967295	4294967295	0
1727469982	1727470036	1727470045	1727470050	0	3519050592	2183	4294967295	4294967295	0
1727470076	1727470129	1727470139	1727470144	0	3519078176	2183	4294967295	4294967295	0
1727470172	1727470226	1727470235	1727470240	0	3519106720	2183	4294967295	4294967295	0
1727470268	1727470323	1727470332	1727470337	0	3519135488	2183	4294967295	4294967295	0
1727470363	1727470418	1727470428	1727470433	0	3519163552	2183	4294967295	4294967295	0
1727470459	1727470513	1727470522	1727470527	0	3519191776	2183	4294967295	4294967295	0
1727470554	1727470608	1727470617	1727470622	0	3519219904	2183	4294967295	4294967295	0
1727470648	1727470702	1727470711	1727470716	0	3519247808	2183	4294967295	4294967295	0
1727470743	1727470797	1727470807	1727470812	0	3519276128	2183	4294967295	4294967295	0
1727470838	1727470903	1727470912	1727470917	0	3519307488	2183	4294967295	4294967295	0
1727470945	1727470999	1727471008	1727471013	0	3519335872	2183	4294967295	4294967295	0
1727471041	1727471094	1727471103	1727471108	0	3519364064	2183	4294967295	4294967295	0
1727471134	1727471188	1727471197	1727471202	0	3519391872	2183	4294967295	4294967295	0
1727471229	1727471282	1727471292	1727471297	0	3519419808	2183	4294967295	4294967295	0
1727471325	1727471379	1727471388	1727471393	0	3519448480	2183	4294967295	4294967295	0
1727471420	1727471474	1727471483	1727471488	0	3519476544	2183	4294967295	4294967295	0
1727471515	1727471569	1727471578	1727471583	0	3519504672	2183	4294967295	4294967295	0
1727471610	1727471663	1727471672	1727471677	0	3519532608	2183	4294967295	4294967295	0
1727471704	1727471758	1727471767	1727471772	0	3519560672	2183	4294967295	4294967295	0
1727471799	1727471853	1727471862	1727471867	0	3519588896	2183	4294967295	4294967295	0
1727471894	1727471948	1727471958	1727471963	0	3519617120	2183	4294967295	4294967295	0
1727471989	1727472042	1727472052	1727472057	0	3519644960	2183	4294967295	4294967295	0
1727472085	1727472139	1727472148	1727472153	0	3519673536	2183	4294967295	4294967295	0
1727472180	1727472234	1727472243	1727472248	0	3519701696	2183	4294967295	4294967295	0
1727472275	1727472329	1727472338	1727472343	0	3519729888	2183	4294967295	4294967295	0
