# hakuX #462 signal timing: ST_Done_DOA
freq_hz 3375000
quads 500
target_switch 1
readback 0
reps 300
semaphore_timeouts 0
notify_timeouts 0
busy_timeouts 0
submit(first_draw_to_kick) n=300 median=6376.889 p5=6351.704 p95=6388.741 min=6348.148 max=6403.556 us
kick_to_semaphore n=300 median=2.667 p5=2.667 p95=2.963 min=2.667 max=5.630 us
kick_to_notify n=300 median=4.148 p5=4.148 p95=4.444 min=4.148 max=7.111 us
# raw, counter ticks unless named
start	kick	semaphore_seen	notify_seen	notify_slot	ntf0_ts_lo	ntf0_ts_hi	ntf1_ts_lo	ntf1_ts_hi	read_ticks
1680933700	1680955312	1680955321	1680955326	0	2622973216	2180	4294967295	4294967295	0
1680955377	1680976814	1680976823	1680976828	0	2629343808	2180	4294967295	4294967295	0
1680976867	1680998441	1680998450	1680998455	0	2635751200	2180	4294967295	4294967295	0
1680998494	1681020012	1681020021	1681020026	0	2642141920	2180	4294967295	4294967295	0
1681020054	1681041575	1681041584	1681041589	0	2648530496	2180	4294967295	4294967295	0
1681041629	1681063195	1681063204	1681063209	0	2654935904	2180	4294967295	4294967295	0
1681063238	1681084669	1681084679	1681084684	0	2661298112	2180	4294967295	4294967295	0
1681084711	1681106270	1681106279	1681106284	0	2667697664	2180	4294967295	4294967295	0
1681106312	1681127852	1681127861	1681127866	0	2674091904	2180	4294967295	4294967295	0
1681127911	1681149436	1681149445	1681149450	0	2680486560	2180	4294967295	4294967295	0
1681149477	1681171029	1681171038	1681171043	0	2686884128	2180	4294967295	4294967295	0
1681171071	1681192512	1681192521	1681192526	0	2693248736	2180	4294967295	4294967295	0
1681192554	1681214100	1681214109	1681214114	0	2699644800	2180	4294967295	4294967295	0
1681214141	1681235661	1681235670	1681235675	0	2706032544	2180	4294967295	4294967295	0
1681235702	1681257216	1681257225	1681257230	0	2712418880	2180	4294967295	4294967295	0
1681257257	1681278723	1681278732	1681278737	0	2718790496	2180	4294967295	4294967295	0
1681278766	1681300299	1681300308	1681300313	0	2725182944	2180	4294967295	4294967295	0
1681300389	1681321915	1681321924	1681321929	0	2731587104	2180	4294967295	4294967295	0
1681321957	1681343508	1681343517	1681343522	0	2737984672	2180	4294967295	4294967295	0
1681343551	1681365080	1681365090	1681365095	0	2744375872	2180	4294967295	4294967295	0
1681365123	1681386593	1681386602	1681386607	0	2750749344	2180	4294967295	4294967295	0
1681386635	1681408156	1681408165	1681408170	0	2757137760	2180	4294967295	4294967295	0
1681408197	1681429721	1681429730	1681429735	0	2763526976	2180	4294967295	4294967295	0
1681429761	1681451296	1681451305	1681451310	0	2769918976	2180	4294967295	4294967295	0
1681451340	1681472880	1681472889	1681472894	0	2776313920	2180	4294967295	4294967295	0
1681472921	1681494359	1681494368	1681494373	0	2782677376	2180	4294967295	4294967295	0
1681494400	1681515947	1681515956	1681515961	0	2789073184	2180	4294967295	4294967295	0
1681515989	1681537518	1681537527	1681537532	0	2795464192	2180	4294967295	4294967295	0
1681537559	1681559095	1681559104	1681559109	0	2801856800	2180	4294967295	4294967295	0
1681559137	1681580648	1681580657	1681580662	0	2808242464	2180	4294967295	4294967295	0
1681580689	1681602130	1681602139	1681602144	0	2814606848	2180	4294967295	4294967295	0
1681602172	1681623715	1681623725	1681623730	0	2821001920	2180	4294967295	4294967295	0
1681623758	1681645280	1681645289	1681645294	0	2827391008	2180	4294967295	4294967295	0
1681645385	1681666963	1681666972	1681666977	0	2833814848	2180	4294967295	4294967295	0
1681667005	1681688520	1681688529	1681688534	0	2840201568	2180	4294967295	4294967295	0
1681688562	1681710009	1681710018	1681710023	0	2846568352	2180	4294967295	4294967295	0
1681710051	1681731602	1681731611	1681731616	0	2852965568	2180	4294967295	4294967295	0
1681731644	1681753166	1681753175	1681753180	0	2859354400	2180	4294967295	4294967295	0
1681753207	1681774722	1681774732	1681774737	0	2865741120	2180	4294967295	4294967295	0
1681774766	1681796318	1681796327	1681796332	0	2872139104	2180	4294967295	4294967295	0
1681796360	1681817804	1681817813	1681817818	0	2878504768	2180	4294967295	4294967295	0
1681817846	1681839405	1681839414	1681839419	0	2884904480	2180	4294967295	4294967295	0
1681839447	1681860955	1681860964	1681860969	0	2891289344	2180	4294967295	4294967295	0
1681860998	1681882518	1681882527	1681882532	0	2897677664	2180	4294967295	4294967295	0
1681882560	1681904110	1681904119	1681904124	0	2904074848	2180	4294967295	4294967295	0
1681904151	1681925588	1681925597	1681925602	0	2910438240	2180	4294967295	4294967295	0
1681925629	1681947175	1681947184	1681947189	0	2916833824	2180	4294967295	4294967295	0
1681947219	1681968734	1681968744	1681968749	0	2923221184	2180	4294967295	4294967295	0
1681968776	1681990297	1681990306	1681990311	0	2929609504	2180	4294967295	4294967295	0
1681990338	1682011904	1682011913	1682011918	0	2936011168	2180	4294967295	4294967295	0
1682011945	1682033399	1682033408	1682033413	0	2942379392	2180	4294967295	4294967295	0
1682033441	1682054953	1682054963	1682054968	0	2948765152	2180	4294967295	4294967295	0
1682054996	1682076541	1682076551	1682076556	0	2955161312	2180	4294967295	4294967295	0
1682076585	1682098112	1682098121	1682098126	0	2961552128	2180	4294967295	4294967295	0
1682098154	1682119699	1682119709	1682119714	0	2967947744	2180	4294967295	4294967295	0
1682119743	1682141183	1682141192	1682141197	0	2974312736	2180	4294967295	4294967295	0
1682141224	1682162747	1682162756	1682162761	0	2980701568	2180	4294967295	4294967295	0
1682162788	1682184354	1682184363	1682184368	0	2987103136	2180	4294967295	4294967295	0
1682184396	1682205915	1682205924	1682205930	0	2993491072	2180	4294967295	4294967295	0
1682205959	1682227465	1682227474	1682227479	0	2999875648	2180	4294967295	4294967295	0
1682227507	1682248979	1682248989	1682248994	0	3006249728	2180	4294967295	4294967295	0
1682249023	1682270550	1682270559	1682270564	0	3012640352	2180	4294967295	4294967295	0
1682270591	1682292139	1682292148	1682292153	0	3019036672	2180	4294967295	4294967295	0
1682292181	1682313707	1682313716	1682313721	0	3025426688	2180	4294967295	4294967295	0
1682313749	1682335258	1682335267	1682335272	0	3031811584	2180	4294967295	4294967295	0
1682335392	1682356863	1682356873	1682356878	0	3038212640	2180	4294967295	4294967295	0
1682356907	1682378449	1682378459	1682378464	0	3044607968	2180	4294967295	4294967295	0
1682378492	1682400033	1682400043	1682400048	0	3051002752	2180	4294967295	4294967295	0
1682400077	1682421599	1682421608	1682421613	0	3057392128	2180	4294967295	4294967295	0
1682421640	1682443144	1682443154	1682443159	0	3063775104	2180	4294967295	4294967295	0
1682443186	1682464661	1682464670	1682464675	0	3070149984	2180	4294967295	4294967295	0
1682464703	1682486225	1682486235	1682486240	0	3076538880	2180	4294967295	4294967295	0
1682486267	1682507774	1682507783	1682507788	0	3082923328	2180	4294967295	4294967295	0
1682507815	1682529362	1682529371	1682529376	0	3089319200	2180	4294967295	4294967295	0
1682529411	1682550950	1682550959	1682550964	0	3095715168	2180	4294967295	4294967295	0
1682550992	1682572452	1682572461	1682572466	0	3102085344	2180	4294967295	4294967295	0
1682572494	1682594008	1682594017	1682594022	0	3108471808	2180	4294967295	4294967295	0
1682594050	1682615557	1682615566	1682615571	0	3114856320	2180	4294967295	4294967295	0
1682615598	1682637144	1682637153	1682637158	0	3121251904	2180	4294967295	4294967295	0
1682637186	1682658714	1682658730	1682658735	0	3127642784	2180	4294967295	4294967295	0
1682658763	1682680230	1682680239	1682680244	0	3134017152	2180	4294967295	4294967295	0
1682680271	1682701804	1682701813	1682701818	0	3140408736	2180	4294967295	4294967295	0
1682701845	1682723366	1682723376	1682723381	0	3146797024	2180	4294967295	4294967295	0
1682723408	1682744950	1682744959	1682744964	0	3153191744	2180	4294967295	4294967295	0
1682744993	1682766515	1682766524	1682766529	0	3159580576	2180	4294967295	4294967295	0
1682766556	1682787993	1682788002	1682788007	0	3165943904	2180	4294967295	4294967295	0
1682788035	1682809591	1682809600	1682809605	0	3172343008	2180	4294967295	4294967295	0
1682809634	1682831152	1682831161	1682831166	0	3178730944	2180	4294967295	4294967295	0
1682831194	1682852730	1682852739	1682852744	0	3185123872	2180	4294967295	4294967295	0
1682852771	1682874295	1682874304	1682874309	0	3191512928	2180	4294967295	4294967295	0
1682874336	1682895796	1682895805	1682895810	0	3197883008	2180	4294967295	4294967295	0
1682895837	1682917379	1682917388	1682917393	0	3204277472	2180	4294967295	4294967295	0
1682917422	1682938943	1682938952	1682938957	0	3210666336	2180	4294967295	4294967295	0
1682938985	1682960528	1682960537	1682960542	0	3217061216	2180	4294967295	4294967295	0
1682960569	1682982099	1682982108	1682982113	0	3223452064	2180	4294967295	4294967295	0
1682982140	1683003572	1683003581	1683003586	0	3229813920	2180	4294967295	4294967295	0
1683003614	1683025159	1683025169	1683025174	0	3236209600	2180	4294967295	4294967295	0
1683025201	1683046730	1683046740	1683046745	0	3242600512	2180	4294967295	4294967295	0
1683046773	1683068290	1683068299	1683068304	0	3248988000	2180	4294967295	4294967295	0
1683068332	1683089912	1683089921	1683089926	0	3255394176	2180	4294967295	4294967295	0
1683089954	1683111390	1683111399	1683111404	0	3261757376	2180	4294967295	4294967295	0
1683111431	1683132981	1683132990	1683132995	0	3268154048	2180	4294967295	4294967295	0
1683133023	1683154545	1683154554	1683154559	0	3274542944	2180	4294967295	4294967295	0
1683154587	1683176100	1683176109	1683176114	0	3280929152	2180	4294967295	4294967295	0
1683176143	1683197701	1683197710	1683197715	0	3287328864	2180	4294967295	4294967295	0
1683197742	1683219179	1683219188	1683219193	0	3293692224	2180	4294967295	4294967295	0
1683219220	1683240739	1683240748	1683240753	0	3300079552	2180	4294967295	4294967295	0
1683240781	1683262363	1683262372	1683262377	0	3306486240	2180	4294967295	4294967295	0
1683262406	1683283926	1683283935	1683283940	0	3312874720	2180	4294967295	4294967295	0
1683283967	1683305516	1683305525	1683305530	0	3319271328	2180	4294967295	4294967295	0
1683305558	1683327004	1683327014	1683327019	0	3325637664	2180	4294967295	4294967295	0
1683327046	1683348563	1683348572	1683348577	0	3332024768	2180	4294967295	4294967295	0
1683348605	1683370163	1683370172	1683370178	0	3338424224	2180	4294967295	4294967295	0
1683370206	1683391715	1683391724	1683391729	0	3344809696	2180	4294967295	4294967295	0
1683391757	1683413299	1683413308	1683413313	0	3351204320	2180	4294967295	4294967295	0
1683413341	1683434810	1683434820	1683434825	0	3357577280	2180	4294967295	4294967295	0
1683434853	1683456364	1683456373	1683456378	0	3363963360	2180	4294967295	4294967295	0
1683456406	1683477965	1683477975	1683477980	0	3370362848	2180	4294967295	4294967295	0
1683478007	1683499515	1683499524	1683499529	0	3376747616	2180	4294967295	4294967295	0
1683499556	1683520985	1683520994	1683520999	0	3383108672	2180	4294967295	4294967295	0
1683521028	1683542571	1683542580	1683542585	0	3389503776	2180	4294967295	4294967295	0
1683542613	1683564127	1683564136	1683564141	0	3395890336	2180	4294967295	4294967295	0
1683564168	1683585718	1683585728	1683585733	0	3402286976	2180	4294967295	4294967295	0
1683585762	1683607312	1683607321	1683607326	0	3408684864	2180	4294967295	4294967295	0
1683607354	1683628787	1683628796	1683628801	0	3415047200	2180	4294967295	4294967295	0
1683628829	1683650391	1683650401	1683650406	0	3421447712	2180	4294967295	4294967295	0
1683650435	1683671953	1683671962	1683671967	0	3427835936	2180	4294967295	4294967295	0
1683671994	1683693525	1683693534	1683693539	0	3434227232	2180	4294967295	4294967295	0
1683693568	1683715088	1683715097	1683715102	0	3440615552	2180	4294967295	4294967295	0
1683715296	1683736743	1683736753	1683736758	0	3447031584	2180	4294967295	4294967295	0
1683736787	1683758339	1683758348	1683758353	0	3453429728	2180	4294967295	4294967295	0
1683758381	1683779891	1683779900	1683779905	0	3459815040	2180	4294967295	4294967295	0
1683779933	1683801465	1683801474	1683801479	0	3466206752	2180	4294967295	4294967295	0
1683801506	1683823049	1683823058	1683823063	0	3472601312	2180	4294967295	4294967295	0
1683823092	1683844529	1683844538	1683844543	0	3478965408	2180	4294967295	4294967295	0
1683844570	1683866110	1683866119	1683866124	0	3485359328	2180	4294967295	4294967295	0
1683866153	1683887666	1683887675	1683887680	0	3491745696	2180	4294967295	4294967295	0
1683887708	1683909221	1683909230	1683909235	0	3498131808	2180	4294967295	4294967295	0
1683909263	1683930814	1683930824	1683930829	0	3504529216	2180	4294967295	4294967295	0
1683930857	1683952296	1683952305	1683952310	0	3510893792	2180	4294967295	4294967295	0
1683952337	1683973910	1683973919	1683973924	0	3517297216	2180	4294967295	4294967295	0
1683973953	1683995473	1683995482	1683995487	0	3523685856	2180	4294967295	4294967295	0
1683995516	1684017020	1684017029	1684017034	0	3530069536	2180	4294967295	4294967295	0
1684017062	1684038622	1684038631	1684038636	0	3536469664	2180	4294967295	4294967295	0
1684038664	1684060113	1684060122	1684060127	0	3542836608	2180	4294967295	4294967295	0
1684060155	1684081663	1684081673	1684081678	0	3549221440	2180	4294967295	4294967295	0
1684081706	1684103263	1684103272	1684103277	0	3555620928	2180	4294967295	4294967295	0
1684103305	1684124817	1684124826	1684124831	0	3562006624	2180	4294967295	4294967295	0
1684124859	1684146435	1684146444	1684146449	0	3568411488	2180	4294967295	4294967295	0
1684146476	1684167914	1684167923	1684167928	0	3574775104	2180	4294967295	4294967295	0
1684167956	1684189478	1684189487	1684189492	0	3581163872	2180	4294967295	4294967295	0
1684189519	1684211069	1684211079	1684211084	0	3587560736	2180	4294967295	4294967295	0
1684211111	1684232632	1684232641	1684232646	0	3593949344	2180	4294967295	4294967295	0
1684232674	1684254206	1684254215	1684254220	0	3600340960	2180	4294967295	4294967295	0
1684254248	1684275729	1684275738	1684275743	0	3606717408	2180	4294967295	4294967295	0
1684275772	1684297288	1684297297	1684297302	0	3613104832	2180	4294967295	4294967295	0
1684297329	1684318906	1684318915	1684318920	0	3619509664	2180	4294967295	4294967295	0
1684318948	1684340459	1684340468	1684340473	0	3625895296	2180	4294967295	4294967295	0
1684340502	1684362014	1684362033	1684362038	0	3632281408	2180	4294967295	4294967295	0
1684362066	1684383533	1684383543	1684383548	0	3638656992	2180	4294967295	4294967295	0
1684383576	1684405085	1684405095	1684405100	0	3645042080	2180	4294967295	4294967295	0
1684405129	1684426682	1684426691	1684426696	0	3651440640	2180	4294967295	4294967295	0
1684426724	1684448239	1684448248	1684448253	0	3657827392	2180	4294967295	4294967295	0
1684448282	1684469794	1684469803	1684469808	0	3664213632	2180	4294967295	4294967295	0
1684469836	1684491310	1684491319	1684491324	0	3670587968	2180	4294967295	4294967295	0
1684491351	1684512906	1684512915	1684512920	0	3676986336	2180	4294967295	4294967295	0
1684512949	1684534477	1684534486	1684534491	0	3683377216	2180	4294967295	4294967295	0
1684534518	1684556065	1684556074	1684556079	0	3689772992	2180	4294967295	4294967295	0
1684556108	1684577631	1684577640	1684577645	0	3696162368	2180	4294967295	4294967295	0
1684577673	1684599137	1684599146	1684599151	0	3702534240	2180	4294967295	4294967295	0
1684599180	1684620697	1684620706	1684620711	0	3708921632	2180	4294967295	4294967295	0
1684620739	1684642265	1684642274	1684642279	0	3715311744	2180	4294967295	4294967295	0
1684642307	1684663851	1684663860	1684663865	0	3721707072	2180	4294967295	4294967295	0
1684663893	1684685430	1684685440	1684685445	0	3728100320	2180	4294967295	4294967295	0
1684685472	1684706946	1684706955	1684706960	0	3734474944	2180	4294967295	4294967295	0
1684706989	1684728494	1684728503	1684728508	0	3740858752	2180	4294967295	4294967295	0
1684728535	1684750046	1684750055	1684750060	0	3747244032	2180	4294967295	4294967295	0
1684750088	1684771635	1684771644	1684771649	0	3753640416	2180	4294967295	4294967295	0
1684771677	1684793194	1684793203	1684793208	0	3760027616	2180	4294967295	4294967295	0
1684793236	1684814681	1684814690	1684814695	0	3766393728	2180	4294967295	4294967295	0
1684814722	1684836259	1684836268	1684836273	0	3772786368	2180	4294967295	4294967295	0
1684836301	1684857830	1684857839	1684857844	0	3779177312	2180	4294967295	4294967295	0
1684857872	1684879418	1684879427	1684879432	0	3785573312	2180	4294967295	4294967295	0
1684879460	1684900975	1684900984	1684900989	0	3791959936	2180	4294967295	4294967295	0
1684901017	1684922471	1684922480	1684922485	0	3798328736	2180	4294967295	4294967295	0
1684922513	1684944046	1684944055	1684944060	0	3804720928	2180	4294967295	4294967295	0
1684944088	1684965592	1684965601	1684965606	0	3811104416	2180	4294967295	4294967295	0
1684965633	1684987183	1684987192	1684987197	0	3817500928	2180	4294967295	4294967295	0
1684987225	1685008739	1685008748	1685008754	0	3823887360	2180	4294967295	4294967295	0
1685008781	1685030233	1685030242	1685030247	0	3830255616	2180	4294967295	4294967295	0
1685030283	1685051828	1685051837	1685051842	0	3836653568	2180	4294967295	4294967295	0
1685051870	1685073388	1685073397	1685073402	0	3843040960	2180	4294967295	4294967295	0
1685073430	1685094949	1685094959	1685094964	0	3849429152	2180	4294967295	4294967295	0
1685094991	1685116546	1685116555	1685116560	0	3855827456	2180	4294967295	4294967295	0
1685116589	1685138022	1685138031	1685138036	0	3862190112	2180	4294967295	4294967295	0
1685138063	1685159611	1685159621	1685159626	0	3868586368	2180	4294967295	4294967295	0
1685159654	1685181176	1685181185	1685181190	0	3874975616	2180	4294967295	4294967295	0
1685181217	1685202735	1685202744	1685202749	0	3881362912	2180	4294967295	4294967295	0
1685202777	1685224357	1685224367	1685224372	0	3887768928	2180	4294967295	4294967295	0
1685224399	1685245846	1685245855	1685245860	0	3894135328	2180	4294967295	4294967295	0
1685245888	1685267406	1685267415	1685267420	0	3900523008	2180	4294967295	4294967295	0
1685267447	1685288989	1685288998	1685289003	0	3906917472	2180	4294967295	4294967295	0
1685289031	1685310544	1685310553	1685310558	0	3913303776	2180	4294967295	4294967295	0
1685310586	1685332148	1685332157	1685332162	0	3919704288	2180	4294967295	4294967295	0
1685332190	1685353628	1685353637	1685353642	0	3926068160	2180	4294967295	4294967295	0
1685353669	1685375201	1685375210	1685375215	0	3932459456	2180	4294967295	4294967295	0
1685375244	1685396805	1685396814	1685396819	0	3938860192	2180	4294967295	4294967295	0
1685396847	1685418365	1685418374	1685418379	0	3945247968	2180	4294967295	4294967295	0
1685418414	1685439942	1685439951	1685439956	0	3951640416	2180	4294967295	4294967295	0
1685439983	1685461426	1685461435	1685461440	0	3958005632	2180	4294967295	4294967295	0
1685461468	1685483000	1685483009	1685483014	0	3964397504	2180	4294967295	4294967295	0
1685483042	1685504590	1685504599	1685504604	0	3970793984	2180	4294967295	4294967295	0
1685504632	1685526136	1685526145	1685526150	0	3977177504	2180	4294967295	4294967295	0
1685526177	1685547699	1685547708	1685547713	0	3983565952	2180	4294967295	4294967295	0
1685547741	1685569226	1685569235	1685569240	0	3989943584	2180	4294967295	4294967295	0
1685569269	1685590791	1685590800	1685590805	0	3996332704	2180	4294967295	4294967295	0
1685590832	1685612374	1685612383	1685612388	0	4002727328	2180	4294967295	4294967295	0
1685612416	1685633942	1685633951	1685633956	0	4009117088	2180	4294967295	4294967295	0
1685633984	1685655505	1685655514	1685655519	0	4015505728	2180	4294967295	4294967295	0
1685655548	1685677017	1685677027	1685677032	0	4021879136	2180	4294967295	4294967295	0
1685677060	1685698585	1685698594	1685698599	0	4028268960	2180	4294967295	4294967295	0
1685698626	1685720173	1685720182	1685720187	0	4034664896	2180	4294967295	4294967295	0
1685720215	1685741751	1685741760	1685741765	0	4041057888	2180	4294967295	4294967295	0
1685741793	1685763220	1685763229	1685763234	0	4047418688	2180	4294967295	4294967295	0
1685763261	1685784814	1685784823	1685784828	0	4053816032	2180	4294967295	4294967295	0
1685784856	1685806375	1685806384	1685806389	0	4060203968	2180	4294967295	4294967295	0
1685806417	1685827944	1685827953	1685827958	0	4066594336	2180	4294967295	4294967295	0
1685827985	1685849532	1685849541	1685849546	0	4072990208	2180	4294967295	4294967295	0
1685849574	1685871020	1685871029	1685871034	0	4079356672	2180	4294967295	4294967295	0
1685871062	1685892600	1685892609	1685892614	0	4085750144	2180	4294967295	4294967295	0
1685892643	1685914172	1685914181	1685914186	0	4092141184	2180	4294967295	4294967295	0
1685914214	1685935762	1685935771	1685935776	0	4098537664	2180	4294967295	4294967295	0
1685935804	1685957342	1685957351	1685957356	0	4104931200	2180	4294967295	4294967295	0
1685957385	1685978829	1685978838	1685978843	0	4111297280	2180	4294967295	4294967295	0
1685978871	1686000402	1686000411	1686000416	0	4117688608	2180	4294967295	4294967295	0
1686000444	1686021954	1686021963	1686021968	0	4124073984	2180	4294967295	4294967295	0
1686021996	1686043510	1686043519	1686043524	0	4130460288	2180	4294967295	4294967295	0
1686043551	1686065101	1686065110	1686065115	0	4136857056	2180	4294967295	4294967295	0
1686065144	1686086580	1686086589	1686086594	0	4143220768	2180	4294967295	4294967295	0
1686086622	1686108162	1686108172	1686108177	0	4149615008	2180	4294967295	4294967295	0
1686108205	1686129741	1686129750	1686129755	0	4156008096	2180	4294967295	4294967295	0
1686129784	1686151292	1686151301	1686151306	0	4162393248	2180	4294967295	4294967295	0
1686151334	1686172873	1686172882	1686172887	0	4168786880	2180	4294967295	4294967295	0
1686172916	1686194341	1686194350	1686194355	0	4175147296	2180	4294967295	4294967295	0
1686194382	1686215906	1686215915	1686215920	0	4181536480	2180	4294967295	4294967295	0
1686215946	1686237488	1686237497	1686237502	0	4187930528	2180	4294967295	4294967295	0
1686237531	1686259044	1686259054	1686259059	0	4194316832	2180	4294967295	4294967295	0
1686259087	1686280627	1686280636	1686280641	0	4200711360	2180	4294967295	4294967295	0
1686280668	1686302138	1686302147	1686302152	0	4207084384	2180	4294967295	4294967295	0
1686302181	1686323700	1686323709	1686323714	0	4213472576	2180	4294967295	4294967295	0
1686323742	1686345281	1686345291	1686345297	0	4219866560	2180	4294967295	4294967295	0
1686345325	1686366846	1686366855	1686366860	0	4226255424	2180	4294967295	4294967295	0
1686366887	1686388401	1686388410	1686388415	0	4232641760	2180	4294967295	4294967295	0
1686388443	1686409911	1686409920	1686409925	0	4239014528	2180	4294967295	4294967295	0
1686409954	1686431470	1686431479	1686431484	0	4245401824	2180	4294967295	4294967295	0
1686431511	1686453075	1686453084	1686453089	0	4251802656	2180	4294967295	4294967295	0
1686453117	1686474636	1686474645	1686474650	0	4258190592	2180	4294967295	4294967295	0
1686475014	1686496555	1686496564	1686496569	0	4264684640	2180	4294967295	4294967295	0
1686496597	1686518083	1686518093	1686518098	0	4271062912	2180	4294967295	4294967295	0
1686518127	1686539663	1686539673	1686539678	0	4277456544	2180	4294967295	4294967295	0
1686539705	1686561218	1686561228	1686561233	0	4283842304	2180	4294967295	4294967295	0
1686561261	1686582812	1686582821	1686582826	0	4290239936	2180	4294967295	4294967295	0
1686582855	1686604376	1686604385	1686604390	0	1661536	2181	4294967295	4294967295	0
1686604417	1686625882	1686625892	1686625897	0	8033376	2181	4294967295	4294967295	0
1686625924	1686647469	1686647478	1686647483	0	14428864	2181	4294967295	4294967295	0
1686647511	1686669034	1686669043	1686669048	0	20818048	2181	4294967295	4294967295	0
1686669076	1686690621	1686690630	1686690635	0	27213376	2181	4294967295	4294967295	0
1686690664	1686712185	1686712195	1686712200	0	33602400	2181	4294967295	4294967295	0
1686712227	1686733696	1686733705	1686733710	0	39975552	2181	4294967295	4294967295	0
1686733739	1686755270	1686755279	1686755284	0	46367264	2181	4294967295	4294967295	0
1686755312	1686776832	1686776841	1686776846	0	52755520	2181	4294967295	4294967295	0
1686776874	1686798426	1686798435	1686798440	0	59152928	2181	4294967295	4294967295	0
1686798468	1686820020	1686820029	1686820034	0	65550816	2181	4294967295	4294967295	0
1686820062	1686841492	1686841501	1686841506	0	71912384	2181	4294967295	4294967295	0
1686841533	1686863084	1686863093	1686863098	0	78309376	2181	4294967295	4294967295	0
1686863126	1686884638	1686884647	1686884652	0	84695232	2181	4294967295	4294967295	0
1686884679	1686906230	1686906239	1686906244	0	91092544	2181	4294967295	4294967295	0
1686906274	1686927808	1686927817	1686927822	0	97485280	2181	4294967295	4294967295	0
1686927850	1686949281	1686949290	1686949295	0	103847136	2181	4294967295	4294967295	0
1686949323	1686970864	1686970873	1686970878	0	110241600	2181	4294967295	4294967295	0
1686970914	1686992455	1686992464	1686992469	0	116638240	2181	4294967295	4294967295	0
1686992498	1687014044	1687014054	1687014059	0	123034400	2181	4294967295	4294967295	0
1687014087	1687035614	1687035623	1687035628	0	129425024	2181	4294967295	4294967295	0
1687035656	1687057101	1687057110	1687057115	0	135791008	2181	4294967295	4294967295	0
1687057142	1687078687	1687078697	1687078702	0	142186336	2181	4294967295	4294967295	0
1687078731	1687100254	1687100263	1687100268	0	148576160	2181	4294967295	4294967295	0
1687100295	1687121800	1687121810	1687121815	0	154959552	2181	4294967295	4294967295	0
1687121843	1687143394	1687143403	1687143408	0	161357344	2181	4294967295	4294967295	0
1687143436	1687164899	1687164908	1687164913	0	167728448	2181	4294967295	4294967295	0
1687164941	1687186480	1687186489	1687186494	0	174122464	2181	4294967295	4294967295	0
1687186522	1687208048	1687208057	1687208062	0	180512128	2181	4294967295	4294967295	0
1687208091	1687229611	1687229620	1687229625	0	186900800	2181	4294967295	4294967295	0
1687229652	1687251205	1687251214	1687251219	0	193298528	2181	4294967295	4294967295	0
1687251247	1687272681	1687272690	1687272695	0	199661280	2181	4294967295	4294967295	0
1687272723	1687294230	1687294239	1687294244	0	206045536	2181	4294967295	4294967295	0
1687294271	1687315830	1687315839	1687315844	0	212445088	2181	4294967295	4294967295	0
1687315872	1687337391	1687337400	1687337405	0	218832800	2181	4294967295	4294967295	0
1687337433	1687359005	1687359015	1687359028	0	225236480	2181	4294967295	4294967295	0
1687359056	1687380488	1687380497	1687380502	0	231601248	2181	4294967295	4294967295	0
1687380529	1687402038	1687402047	1687402052	0	237986016	2181	4294967295	4294967295	0
