# hakuX #462 signal timing: ST_Done_DOA_Read
freq_hz 3375000
quads 500
target_switch 1
readback 1
reps 300
semaphore_timeouts 0
notify_timeouts 0
busy_timeouts 0
submit(first_draw_to_kick) n=300 median=6378.667 p5=6353.778 p95=6389.630 min=6351.407 max=6404.444 us
kick_to_semaphore n=300 median=2.667 p5=2.667 p95=2.963 min=2.667 max=5.037 us
kick_to_notify n=300 median=4.148 p5=4.148 p95=4.444 min=4.148 max=6.815 us
cpu_read_back_buffer n=300 median=31073.481 p5=31049.481 p95=31081.778 min=31042.667 max=31086.815 us
# raw, counter ticks unless named
start	kick	semaphore_seen	notify_seen	notify_slot	ntf0_ts_lo	ntf0_ts_hi	ntf1_ts_lo	ntf1_ts_hi	read_ticks
1688479044	1688500659	1688500668	1688500673	0	563475776	2181	4294967295	4294967295	104911
1688605643	1688627168	1688627177	1688627182	0	600956832	2181	4294967295	4294967295	104803
1688732035	1688753576	1688753586	1688753591	0	638408032	2181	4294967295	4294967295	104865
1688858504	1688880062	1688880072	1688880077	0	675882240	2181	4294967295	4294967295	104895
1688985006	1689006542	1689006551	1689006556	0	713354688	2181	4294967295	4294967295	104790
1689111396	1689132920	1689132930	1689132935	0	750796800	2181	4294967295	4294967295	104861
1689237830	1689259364	1689259374	1689259379	0	788258560	2181	4294967295	4294967295	104888
1689364300	1689385846	1689385855	1689385860	0	825731520	2181	4294967295	4294967295	104798
1689490692	1689512254	1689512263	1689512276	0	863182592	2181	4294967295	4294967295	104849
1689617180	1689638710	1689638719	1689638724	0	900647744	2181	4294967295	4294967295	104863
1689743621	1689765147	1689765156	1689765161	0	938107328	2181	4294967295	4294967295	104887
1689870081	1689891554	1689891563	1689891568	0	975558240	2181	4294967295	4294967295	104866
1689996468	1690018026	1690018035	1690018040	0	1013028384	2181	4294967295	4294967295	104877
1690122950	1690144483	1690144492	1690144497	0	1050493792	2181	4294967295	4294967295	104899
1690249430	1690270878	1690270888	1690270893	0	1087941088	2181	4294967295	4294967295	104866
1690375792	1690397346	1690397355	1690397360	0	1125409792	2181	4294967295	4294967295	104871
1690502264	1690523831	1690523840	1690523845	0	1162883904	2181	4294967295	4294967295	104881
1690628817	1690650265	1690650274	1690650279	0	1200342592	2181	4294967295	4294967295	104885
1690755197	1690776717	1690776726	1690776731	0	1237806624	2181	4294967295	4294967295	104885
1690881649	1690903218	1690903227	1690903232	0	1275285408	2181	4294967295	4294967295	104884
1691008150	1691029621	1691029630	1691029635	0	1312734656	2181	4294967295	4294967295	104895
1691134564	1691156095	1691156104	1691156109	0	1350205344	2181	4294967295	4294967295	104884
1691261028	1691282545	1691282554	1691282559	0	1387668864	2181	4294967295	4294967295	104879
1691387471	1691408943	1691408952	1691408957	0	1425117280	2181	4294967295	4294967295	104878
1691513870	1691535442	1691535451	1691535456	0	1462595104	2181	4294967295	4294967295	104862
1691640353	1691661875	1691661884	1691661889	0	1500053536	2181	4294967295	4294967295	104867
1691766798	1691788313	1691788322	1691788327	0	1537513472	2181	4294967295	4294967295	104792
1691893153	1691914703	1691914712	1691914717	0	1574959200	2181	4294967295	4294967295	104869
1692019621	1692041182	1692041191	1692041196	0	1612431296	2181	4294967295	4294967295	104873
1692146103	1692167623	1692167632	1692167637	0	1649892128	2181	4294967295	4294967295	104809
1692272479	1692294003	1692294012	1692294017	0	1687334944	2181	4294967295	4294967295	104889
1692398940	1692420499	1692420508	1692420513	0	1724812224	2181	4294967295	4294967295	104834
1692525379	1692546940	1692546949	1692546954	0	1762272800	2181	4294967295	4294967295	104788
1692651850	1692673402	1692673412	1692673417	0	1799740160	2181	4294967295	4294967295	104881
1692778333	1692799862	1692799871	1692799876	0	1837206560	2181	4294967295	4294967295	104875
1692904786	1692926334	1692926343	1692926348	0	1874676512	2181	4294967295	4294967295	104873
1693031254	1693052729	1693052738	1693052743	0	1912123616	2181	4294967295	4294967295	104882
1693157658	1693179179	1693179188	1693179193	0	1949587296	2181	4294967295	4294967295	104882
1693284109	1693305621	1693305631	1693305636	0	1987048480	2181	4294967295	4294967295	104881
1693410550	1693431986	1693431995	1693432000	0	2024486752	2181	4294967295	4294967295	104894
1693536927	1693558481	1693558490	1693558495	0	2061963552	2181	4294967295	4294967295	104877
1693663405	1693684957	1693684966	1693684971	0	2099434720	2181	4294967295	4294967295	104858
1693789862	1693811304	1693811314	1693811319	0	2136867808	2181	4294967295	4294967295	104893
1693916245	1693937772	1693937781	1693937786	0	2174336480	2181	4294967295	4294967295	104875
1694042695	1694064254	1694064263	1694064268	0	2211809568	2181	4294967295	4294967295	104876
1694169177	1694190625	1694190635	1694190640	0	2249249600	2181	4294967295	4294967295	104879
1694295553	1694317083	1694317092	1694317097	0	2286715584	2181	4294967295	4294967295	104870
1694422000	1694443532	1694443541	1694443546	0	2324178752	2181	4294967295	4294967295	104863
1694548443	1694569915	1694569924	1694569929	0	2361622560	2181	4294967295	4294967295	104893
1694674857	1694696412	1694696421	1694696426	0	2399099840	2181	4294967295	4294967295	104841
1694801301	1694822819	1694822828	1694822833	0	2436550784	2181	4294967295	4294967295	104866
1694927732	1694949251	1694949260	1694949265	0	2474008800	2181	4294967295	4294967295	104789
1695054088	1695075633	1695075643	1695075648	0	2511452128	2181	4294967295	4294967295	104864
1695180545	1695202065	1695202074	1695202079	0	2548910400	2181	4294967295	4294967295	104866
1695306980	1695328501	1695328510	1695328515	0	2586369632	2181	4294967295	4294967295	104773
1695433321	1695454842	1695454851	1695454856	0	2623800992	2181	4294967295	4294967295	104897
1695559787	1695581345	1695581354	1695581359	0	2661280192	2181	4294967295	4294967295	104884
1695686276	1695707822	1695707831	1695707836	0	2698751552	2181	4294967295	4294967295	104810
1695812682	1695834211	1695834220	1695834225	0	2736197312	2181	4294967295	4294967295	104859
1695939118	1695960640	1695960649	1695960654	0	2773654400	2181	4294967295	4294967295	104886
1696065573	1696087125	1696087134	1696087139	0	2811128224	2181	4294967295	4294967295	104902
1696192074	1696213519	1696213528	1696213533	0	2848575232	2181	4294967295	4294967295	104873
1696318441	1696339966	1696339975	1696339980	0	2886037920	2181	4294967295	4294967295	104894
1696444908	1696466428	1696466438	1696466443	0	2923504736	2181	4294967295	4294967295	104888
1696571364	1696592833	1696592842	1696592847	0	2960955008	2181	4294967295	4294967295	104918
1696697910	1696719474	1696719483	1696719488	0	2998475264	2181	4294967295	4294967295	104875
1696824397	1696845938	1696845947	1696845952	0	3035942752	2181	4294967295	4294967295	104872
1696950858	1696972299	1696972308	1696972313	0	3073379840	2181	4294967295	4294967295	104863
1697077211	1697098760	1697098769	1697098774	0	3110846752	2181	4294967295	4294967295	104872
1697203681	1697225239	1697225248	1697225253	0	3148318848	2181	4294967295	4294967295	104870
1697330157	1697351597	1697351606	1697351611	0	3185755168	2181	4294967295	4294967295	104869
1697456512	1697478050	1697478059	1697478064	0	3223219360	2181	4294967295	4294967295	104880
1697582978	1697604532	1697604542	1697604547	0	3260692512	2181	4294967295	4294967295	104890
1697709470	1697730957	1697730966	1697730971	0	3298148800	2181	4294967295	4294967295	104870
1697835875	1697857411	1697857420	1697857425	0	3335613248	2181	4294967295	4294967295	104897
1697962355	1697983887	1697983896	1697983901	0	3373084448	2181	4294967295	4294967295	104870
1698088806	1698110348	1698110357	1698110362	0	3410551328	2181	4294967295	4294967295	104769
1698215165	1698236730	1698236739	1698236744	0	3447994496	2181	4294967295	4294967295	104875
1698341653	1698363187	1698363196	1698363202	0	3485460032	2181	4294967295	4294967295	104870
1698468105	1698489626	1698489635	1698489640	0	3522920320	2181	4294967295	4294967295	104827
1698594502	1698616063	1698616072	1698616077	0	3560380224	2181	4294967295	4294967295	104868
1698720980	1698742539	1698742548	1698742554	0	3597851296	2181	4294967295	4294967295	104896
1698847484	1698869034	1698869043	1698869048	0	3635327968	2181	4294967295	4294967295	104860
1698973942	1698995389	1698995398	1698995403	0	3672763392	2181	4294967295	4294967295	104887
1699100325	1699121878	1699121887	1699121892	0	3710238656	2181	4294967295	4294967295	104870
1699226797	1699248347	1699248356	1699248361	0	3747707808	2181	4294967295	4294967295	104871
1699353267	1699374717	1699374726	1699374731	0	3785147488	2181	4294967295	4294967295	104882
1699479646	1699501160	1699501169	1699501174	0	3822608928	2181	4294967295	4294967295	104903
1699606112	1699627664	1699627673	1699627678	0	3860088544	2181	4294967295	4294967295	104868
1699732579	1699754063	1699754072	1699754077	0	3897536992	2181	4294967295	4294967295	104883
1699858995	1699880538	1699880547	1699880552	0	3935007776	2181	4294967295	4294967295	104882
1699985468	1700006994	1700007003	1700007008	0	3972473120	2181	4294967295	4294967295	104871
1700111914	1700133380	1700133389	1700133402	0	4009917536	2181	4294967295	4294967295	104833
1700238268	1700259822	1700259831	1700259836	0	4047378720	2181	4294967295	4294967295	104884
1700364755	1700386286	1700386295	1700386300	0	4084846528	2181	4294967295	4294967295	104873
1700491206	1700512651	1700512660	1700512666	0	4122284832	2181	4294967295	4294967295	104848
1700617548	1700639076	1700639085	1700639090	0	4159740736	2181	4294967295	4294967295	104871
1700743994	1700765559	1700765568	1700765573	0	4197214016	2181	4294967295	4294967295	104872
1700870480	1700892011	1700892020	1700892025	0	4234678176	2181	4294967295	4294967295	104788
1700996846	1701018386	1701018395	1701018400	0	4272119584	2181	4294967295	4294967295	104856
1701123290	1701144815	1701144824	1701144829	0	14609472	2182	4294967295	4294967295	104860
1701249723	1701271286	1701271295	1701271300	0	52079392	2182	4294967295	4294967295	104807
1701376142	1701397660	1701397669	1701397674	0	89520352	2182	4294967295	4294967295	104890
1701502597	1701524123	1701524132	1701524138	0	126987712	2182	4294967295	4294967295	104882
1701629054	1701650568	1701650577	1701650582	0	164449568	2182	4294967295	4294967295	104808
1701755424	1701776980	1701776989	1701776994	0	201901984	2182	4294967295	4294967295	104896
1701881924	1701903441	1701903450	1701903455	0	239368608	2182	4294967295	4294967295	104878
1702008366	1702029911	1702029920	1702029925	0	276838208	2182	4294967295	4294967295	104884
1702134844	1702156284	1702156293	1702156298	0	314278816	2182	4294967295	4294967295	104909
1702261240	1702282803	1702282812	1702282817	0	351762752	2182	4294967295	4294967295	104913
1702387765	1702409300	1702409310	1702409315	0	389240288	2182	4294967295	4294967295	104871
1702514219	1702535662	1702535671	1702535676	0	426677696	2182	4294967295	4294967295	104874
1702640586	1702662136	1702662145	1702662150	0	464148160	2182	4294967295	4294967295	104866
1702767050	1702788604	1702788613	1702788618	0	501617024	2182	4294967295	4294967295	104887
1702893540	1702914990	1702914999	1702915004	0	539061696	2182	4294967295	4294967295	104880
1703019917	1703041469	1703041478	1703041483	0	576533824	2182	4294967295	4294967295	104871
1703146388	1703167912	1703167921	1703167926	0	613995136	2182	4294967295	4294967295	104858
1703272817	1703294292	1703294302	1703294307	0	651438048	2182	4294967295	4294967295	104909
1703399250	1703420784	1703420793	1703420798	0	688914016	2182	4294967295	4294967295	104860
1703525691	1703547209	1703547218	1703547223	0	726369856	2182	4294967295	4294967295	104888
1703652146	1703673585	1703673594	1703673599	0	763811520	2182	4294967295	4294967295	104892
1703778525	1703800079	1703800088	1703800093	0	801288224	2182	4294967295	4294967295	104854
1703904981	1703926541	1703926550	1703926555	0	838755200	2182	4294967295	4294967295	104879
1704031468	1704053026	1704053035	1704053040	0	876229088	2182	4294967295	4294967295	104786
1704157860	1704179388	1704179397	1704179402	0	913666496	2182	4294967295	4294967295	104886
1704284322	1704305877	1704305886	1704305891	0	951141728	2182	4294967295	4294967295	104862
1704410786	1704432332	1704432341	1704432346	0	988606720	2182	4294967295	4294967295	104772
1704537151	1704558680	1704558689	1704558694	0	1026039776	2182	4294967295	4294967295	104871
1704663598	1704685119	1704685128	1704685133	0	1063500032	2182	4294967295	4294967295	104896
1704790291	1704811875	1704811884	1704811889	0	1101054240	2182	4294967295	4294967295	104778
1704916702	1704938260	1704938269	1704938274	0	1138498656	2182	4294967295	4294967295	104866
1705043175	1705064702	1705064711	1705064716	0	1175959744	2182	4294967295	4294967295	104861
1705169612	1705191153	1705191162	1705191167	0	1213423488	2182	4294967295	4294967295	104873
1705296075	1705317561	1705317570	1705317575	0	1250874464	2182	4294967295	4294967295	104869
1705422478	1705444031	1705444040	1705444045	0	1288344064	2182	4294967295	4294967295	104879
1705548958	1705570477	1705570486	1705570491	0	1325806112	2182	4294967295	4294967295	104910
1705675437	1705696881	1705696890	1705696895	0	1363256064	2182	4294967295	4294967295	104892
1705801822	1705823376	1705823385	1705823390	0	1400733184	2182	4294967295	4294967295	104865
1705928296	1705949851	1705949860	1705949865	0	1438204032	2182	4294967295	4294967295	104868
1706054766	1706076203	1706076212	1706076217	0	1475638336	2182	4294967295	4294967295	104883
1706181134	1706202691	1706202700	1706202705	0	1513113120	2182	4294967295	4294967295	104857
1706307597	1706329151	1706329160	1706329165	0	1550579520	2182	4294967295	4294967295	104884
1706434084	1706455562	1706455571	1706455576	0	1588031488	2182	4294967295	4294967295	104869
1706560479	1706582002	1706582011	1706582016	0	1625492160	2182	4294967295	4294967295	104888
1706686940	1706708468	1706708477	1706708482	0	1662960288	2182	4294967295	4294967295	104852
1706813368	1706834843	1706834852	1706834857	0	1700401568	2182	4294967295	4294967295	104852
1706939742	1706961306	1706961315	1706961320	0	1737868928	2182	4294967295	4294967295	104863
1707066217	1707087738	1707087747	1707087752	0	1775327328	2182	4294967295	4294967295	104883
1707192670	1707214220	1707214229	1707214234	0	1812800096	2182	4294967295	4294967295	104817
1707319085	1707340638	1707340648	1707340653	0	1850254368	2182	4294967295	4294967295	104844
1707445531	1707467080	1707467089	1707467094	0	1887715520	2182	4294967295	4294967295	104861
1707571988	1707593501	1707593510	1707593515	0	1925170400	2182	4294967295	4294967295	104807
1707698356	1707719879	1707719888	1707719893	0	1962612576	2182	4294967295	4294967295	104849
1707824775	1707846314	1707846323	1707846328	0	2000071424	2182	4294967295	4294967295	104865
1707951228	1707972784	1707972793	1707972798	0	2037540896	2182	4294967295	4294967295	104793
1708077624	1708099162	1708099171	1708099176	0	2074983168	2182	4294967295	4294967295	104878
1708204088	1708225638	1708225647	1708225652	0	2112454464	2182	4294967295	4294967295	104863
1708330549	1708352073	1708352082	1708352087	0	2149913440	2182	4294967295	4294967295	104867
1708456988	1708478466	1708478475	1708478480	0	2187360128	2182	4294967295	4294967295	104889
1708583403	1708604930	1708604939	1708604944	0	2224827648	2182	4294967295	4294967295	104874
1708709853	1708731373	1708731382	1708731387	0	2262289056	2182	4294967295	4294967295	104892
1708836312	1708857758	1708857775	1708857780	0	2299733600	2182	4294967295	4294967295	104908
1708962723	1708984287	1708984296	1708984301	0	2337220256	2182	4294967295	4294967295	104874
1709089209	1709110729	1709110738	1709110743	0	2374681472	2182	4294967295	4294967295	104879
1709215655	1709237109	1709237118	1709237123	0	2412124352	2182	4294967295	4294967295	104884
1709342040	1709363585	1709363594	1709363599	0	2449595424	2182	4294967295	4294967295	104861
1709468493	1709490048	1709490058	1709490063	0	2487062912	2182	4294967295	4294967295	104880
1709594976	1709616418	1709616427	1709616432	0	2524502496	2182	4294967295	4294967295	104865
1709721332	1709742869	1709742878	1709742883	0	2561966528	2182	4294967295	4294967295	104871
1709847787	1709869300	1709869310	1709869315	0	2599424416	2182	4294967295	4294967295	104858
1709974206	1709995680	1709995689	1709995694	0	2636867136	2182	4294967295	4294967295	104910
1710100639	1710122174	1710122183	1710122188	0	2674343520	2182	4294967295	4294967295	104874
1710227096	1710248621	1710248630	1710248635	0	2711806368	2182	4294967295	4294967295	104850
1710353519	1710375062	1710375071	1710375076	0	2749267168	2182	4294967295	4294967295	104793
1710479903	1710501462	1710501471	1710501476	0	2786715680	2182	4294967295	4294967295	104905
1710606414	1710627943	1710627953	1710627958	0	2824188608	2182	4294967295	4294967295	104882
1710732875	1710754400	1710754409	1710754414	0	2861653920	2182	4294967295	4294967295	104809
1710859258	1710880770	1710880779	1710880784	0	2899093856	2182	4294967295	4294967295	104892
1710985710	1711007266	1711007275	1711007280	0	2936571168	2182	4294967295	4294967295	104882
1711112195	1711133756	1711133765	1711133770	0	2974046464	2182	4294967295	4294967295	104882
1711238686	1711260138	1711260147	1711260152	0	3011489664	2182	4294967295	4294967295	104857
1711365043	1711386604	1711386614	1711386619	0	3048958080	2182	4294967295	4294967295	104877
1711491530	1711513082	1711513091	1711513096	0	3086429664	2182	4294967295	4294967295	104859
1711617990	1711639468	1711639477	1711639482	0	3123874208	2182	4294967295	4294967295	104856
1711744372	1711765901	1711765910	1711765915	0	3161332704	2182	4294967295	4294967295	104863
1711870812	1711892338	1711892348	1711892353	0	3198792544	2182	4294967295	4294967295	104863
1711997249	1712018726	1712018736	1712018741	0	3236237792	2182	4294967295	4294967295	104863
1712123638	1712145201	1712145210	1712145215	0	3273708544	2182	4294967295	4294967295	104872
1712250121	1712271646	1712271656	1712271661	0	3311170720	2182	4294967295	4294967295	104893
1712376589	1712398054	1712398063	1712398068	0	3348621728	2182	4294967295	4294967295	104873
1712502974	1712524525	1712524534	1712524539	0	3386091456	2182	4294967295	4294967295	104864
1712629436	1712650981	1712650990	1712650995	0	3423556608	2182	4294967295	4294967295	104863
1712755900	1712777345	1712777354	1712777359	0	3460994656	2182	4294967295	4294967295	104875
1712882268	1712903785	1712903795	1712903800	0	3498455264	2182	4294967295	4294967295	104886
1713008719	1713030266	1713030275	1713030280	0	3535927936	2182	4294967295	4294967295	104882
1713135197	1713156741	1713156751	1713156756	0	3573398944	2182	4294967295	4294967295	104803
1713261594	1713283123	1713283132	1713283137	0	3610842144	2182	4294967295	4294967295	104857
1713388028	1713409540	1713409550	1713409555	0	3648296000	2182	4294967295	4294967295	104873
1713514461	1713536033	1713536042	1713536047	0	3685772224	2182	4294967295	4294967295	104782
1713640862	1713662418	1713662427	1713662432	0	3723216416	2182	4294967295	4294967295	104907
1713767374	1713788904	1713788913	1713788918	0	3760690688	2182	4294967295	4294967295	104875
1713893826	1713915348	1713915357	1713915362	0	3798152448	2182	4294967295	4294967295	104802
1714020197	1714041739	1714041748	1714041753	0	3835598368	2182	4294967295	4294967295	104855
1714146642	1714168196	1714168205	1714168210	0	3873063904	2182	4294967295	4294967295	104864
1714273108	1714294624	1714294633	1714294638	0	3910520832	2182	4294967295	4294967295	104890
1714399561	1714421006	1714421015	1714421020	0	3947964192	2182	4294967295	4294967295	104857
1714525911	1714547483	1714547492	1714547497	0	3985435840	2182	4294967295	4294967295	104878
1714652409	1714673975	1714673984	1714673989	0	4022911872	2182	4294967295	4294967295	104836
1714778860	1714800296	1714800305	1714800310	0	4060337056	2182	4294967295	4294967295	104890
1714905235	1714926768	1714926777	1714926782	0	4097807040	2182	4294967295	4294967295	104884
1715031701	1715053220	1715053229	1715053234	0	4135271200	2182	4294967295	4294967295	104870
1715158137	1715179617	1715179626	1715179631	0	4172719040	2182	4294967295	4294967295	104886
1715284552	1715306080	1715306089	1715306094	0	4210186240	2182	4294967295	4294967295	104868
1715410996	1715432518	1715432527	1715432532	0	4247646464	2182	4294967295	4294967295	104875
1715537442	1715558912	1715558921	1715558926	0	4285093184	2182	4294967295	4294967295	104870
1715663829	1715685387	1715685404	1715685410	0	27596960	2183	4294967295	4294967295	104908
1715790352	1715811860	1715811869	1715811874	0	65067200	2183	4294967295	4294967295	104850
1715916758	1715938216	1715938225	1715938230	0	102502880	2183	4294967295	4294967295	104861
1716043125	1716064667	1716064676	1716064681	0	139966656	2183	4294967295	4294967295	104900
1716169615	1716191161	1716191170	1716191175	0	177443328	2183	4294967295	4294967295	104867
1716296077	1716317601	1716317610	1716317615	0	214903712	2183	4294967295	4294967295	104803
1716422452	1716443975	1716443984	1716443989	0	252344704	2183	4294967295	4294967295	104891
1716548914	1716570458	1716570467	1716570472	0	289817920	2183	4294967295	4294967295	104893
1716675399	1716696949	1716696958	1716696963	0	327293664	2183	4294967295	4294967295	104808
1716801805	1716823345	1716823354	1716823359	0	364741280	2183	4294967295	4294967295	104878
1716928272	1716949794	1716949803	1716949808	0	402204544	2183	4294967295	4294967295	104852
1717054694	1717076222	1717076231	1717076236	0	439661216	2183	4294967295	4294967295	104792
1717181063	1717202618	1717202627	1717202632	0	477108928	2183	4294967295	4294967295	104901
1717307568	1717329092	1717329101	1717329106	0	514579680	2183	4294967295	4294967295	104876
1717434016	1717455530	1717455539	1717455544	0	552039552	2183	4294967295	4294967295	104863
1717560442	1717581886	1717581895	1717581900	0	589474976	2183	4294967295	4294967295	104904
1717686837	1717708411	1717708420	1717708425	0	626960768	2183	4294967295	4294967295	104896
1717813354	1717834864	1717834873	1717834878	0	664425088	2183	4294967295	4294967295	104896
1717939809	1717961256	1717961265	1717961270	0	701871712	2183	4294967295	4294967295	104891
1718066195	1718087717	1718087726	1718087731	0	739338432	2183	4294967295	4294967295	104854
1718192620	1718214178	1718214187	1718214192	0	776805248	2183	4294967295	4294967295	104864
1718319089	1718340562	1718340571	1718340576	0	814249120	2183	4294967295	4294967295	104879
1718445489	1718467019	1718467028	1718467033	0	851714688	2183	4294967295	4294967295	104885
1718571951	1718593477	1718593486	1718593491	0	889180544	2183	4294967295	4294967295	104870
1718698395	1718719896	1718719905	1718719910	0	926634848	2183	4294967295	4294967295	104874
1718824819	1718846371	1718846380	1718846385	0	964105824	2183	4294967295	4294967295	104893
1718951312	1718972840	1718972850	1718972855	0	1001575104	2183	4294967295	4294967295	104854
1719077742	1719099182	1719099191	1719099196	0	1039006464	2183	4294967295	4294967295	104878
1719204109	1719225658	1719225667	1719225672	0	1076477696	2183	4294967295	4294967295	104885
1719330592	1719352145	1719352154	1719352159	0	1113952160	2183	4294967295	4294967295	104857
1719457051	1719478566	1719478575	1719478580	0	1151407104	2183	4294967295	4294967295	104786
1719583400	1719604929	1719604939	1719604944	0	1188844896	2183	4294967295	4294967295	104879
1719709857	1719731432	1719731441	1719731446	0	1226323872	2183	4294967295	4294967295	104870
1719836350	1719857907	1719857916	1719857921	0	1263794784	2183	4294967295	4294967295	104788
1719962742	1719984258	1719984268	1719984273	0	1301229152	2183	4294967295	4294967295	104902
1720089208	1720110740	1720110749	1720110754	0	1338702048	2183	4294967295	4294967295	104876
1720215663	1720237207	1720237216	1720237221	0	1376170464	2183	4294967295	4294967295	104779
1720342033	1720363593	1720363602	1720363607	0	1413615200	2183	4294967295	4294967295	104882
1720468524	1720490043	1720490052	1720490057	0	1451078816	2183	4294967295	4294967295	104887
1720594978	1720616497	1720616506	1720616511	0	1488543424	2183	4294967295	4294967295	104877
1720721422	1720742910	1720742919	1720742924	0	1525995936	2183	4294967295	4294967295	104877
1720847835	1720869390	1720869407	1720869412	0	1563468192	2183	4294967295	4294967295	104875
1720974735	1720996283	1720996292	1720996297	0	1601062976	2183	4294967295	4294967295	104893
1721101223	1721122675	1721122684	1721122689	0	1638509504	2183	4294967295	4294967295	104863
1721227586	1721249128	1721249137	1721249142	0	1675973856	2183	4294967295	4294967295	104874
1721354050	1721375609	1721375618	1721375623	0	1713446368	2183	4294967295	4294967295	104898
1721480555	1721502004	1721502013	1721502018	0	1750893664	2183	4294967295	4294967295	104868
1721606919	1721628443	1721628452	1721628457	0	1788353856	2183	4294967295	4294967295	104891
1721733382	1721754936	1721754945	1721754950	0	1825830336	2183	4294967295	4294967295	104832
1721859816	1721881300	1721881309	1721881314	0	1863268320	2183	4294967295	4294967295	104857
1721986204	1722007728	1722007738	1722007743	0	1900725280	2183	4294967295	4294967295	104866
1722112643	1722134163	1722134172	1722134177	0	1938184288	2183	4294967295	4294967295	104871
1722239081	1722260532	1722260541	1722260546	0	1975623712	2183	4294967295	4294967295	104895
1722365476	1722387027	1722387037	1722387042	0	2013100736	2183	4294967295	4294967295	104891
1722491967	1722513490	1722513500	1722513505	0	2050568064	2183	4294967295	4294967295	104875
1722618413	1722639934	1722639943	1722639948	0	2088029600	2183	4294967295	4294967295	104772
1722744754	1722766290	1722766299	1722766304	0	2125465440	2183	4294967295	4294967295	104880
1722871219	1722892795	1722892804	1722892809	0	2162945184	2183	4294967295	4294967295	104899
1722997741	1723019263	1723019280	1723019285	0	2200414080	2183	4294967295	4294967295	104806
1723124124	1723145640	1723145649	1723145654	0	2237855936	2183	4294967295	4294967295	104878
1723250566	1723272092	1723272101	1723272106	0	2275320192	2183	4294967295	4294967295	104866
1723377005	1723398570	1723398579	1723398584	0	2312791744	2183	4294967295	4294967295	104794
1723503489	1723524928	1723524937	1723524942	0	2350227968	2183	4294967295	4294967295	104881
1723629856	1723651378	1723651387	1723651392	0	2387691680	2183	4294967295	4294967295	104877
1723756303	1723777829	1723777838	1723777843	0	2425155392	2183	4294967295	4294967295	104854
1723882731	1723904230	1723904239	1723904244	0	2462604288	2183	4294967295	4294967295	104892
1724009170	1724030692	1724030701	1724030706	0	2500071584	2183	4294967295	4294967295	104860
1724135600	1724157123	1724157133	1724157139	0	2537529408	2183	4294967295	4294967295	104872
1724262045	1724283482	1724283492	1724283497	0	2574966368	2183	4294967295	4294967295	104899
1724388430	1724409991	1724410000	1724410005	0	2612446880	2183	4294967295	4294967295	104891
1724514930	1724536446	1724536455	1724536460	0	2649911776	2183	4294967295	4294967295	104863
1724641357	1724662805	1724662814	1724662819	0	2687348320	2183	4294967295	4294967295	104864
1724767718	1724789237	1724789246	1724789251	0	2724806592	2183	4294967295	4294967295	104873
1724894159	1724915725	1724915734	1724915739	0	2762281280	2183	4294967295	4294967295	104891
1725020671	1725042108	1725042117	1725042122	0	2799725024	2183	4294967295	4294967295	104880
1725147036	1725168551	1725168560	1725168565	0	2837186528	2183	4294967295	4294967295	104885
1725273484	1725295013	1725295022	1725295027	0	2874653472	2183	4294967295	4294967295	104877
1725399937	1725421403	1725421412	1725421417	0	2912099232	2183	4294967295	4294967295	104858
1725526309	1725547877	1725547886	1725547891	0	2949569824	2183	4294967295	4294967295	104852
1725652776	1725674288	1725674297	1725674302	0	2987021984	2183	4294967295	4294967295	104866
1725779202	1725800730	1725800739	1725800744	0	3024482848	2183	4294967295	4294967295	104814
1725905592	1725927142	1725927151	1725927156	0	3061935104	2183	4294967295	4294967295	104871
1726032061	1726053647	1726053656	1726053661	0	3099414944	2183	4294967295	4294967295	104875
1726158569	1726180083	1726180092	1726180097	0	3136874304	2183	4294967295	4294967295	104789
1726284919	1726306438	1726306447	1726306452	0	3174309824	2183	4294967295	4294967295	104879
