# hakuX #462 signal timing: ST_Flip
freq_hz 3375000
reps 300
start_timeouts 0
count_timeouts 0
queue_timeouts 0
request_to_pcrtc_start n=300 median=16179.556 p5=16172.444 p95=16181.037 min=16149.037 max=16201.778 us
request_to_vbl_count n=300 median=32861.333 p5=32854.519 p95=32862.222 min=32831.407 max=32863.111 us
pcrtc_start_to_vbl_count n=300 median=16681.778 p5=16680.296 p95=16682.667 min=16658.963 max=16683.259 us
# raw, counter ticks unless named
request	start_seen	count_seen	vbl_at_request	vbl_after	start_before	start_after
1728513096	1728567653	1728623954	1105	1107	60276736	50446336
1728681964	1728736572	1728792873	1108	1110	50446336	55361536
1728850883	1728905493	1728961790	1111	1113	55361536	60276736
1729019802	1729074411	1729130710	1114	1116	60276736	50446336
1729188722	1729243326	1729299629	1117	1119	50446336	55361536
1729357650	1729412250	1729468546	1120	1122	55361536	60276736
1729526584	1729581166	1729637464	1123	1125	60276736	50446336
1729695474	1729750086	1729806384	1126	1128	50446336	55361536
1729864396	1729919005	1729975304	1129	1131	55361536	60276736
1730033316	1730087921	1730144222	1132	1134	60276736	50446336
1730202234	1730256839	1730313140	1135	1137	50446336	55361536
1730371152	1730425756	1730482061	1138	1140	55361536	60276736
1730540070	1730594681	1730650977	1141	1143	60276736	50446336
1730708991	1730763596	1730819895	1144	1146	50446336	55361536
1730877916	1730932516	1730988815	1147	1149	55361536	60276736
1731046827	1731101435	1731157733	1150	1152	60276736	50446336
1731215744	1731270352	1731326654	1153	1155	50446336	55361536
1731384666	1731439271	1731495573	1156	1158	55361536	60276736
1731553583	1731608189	1731664491	1159	1161	60276736	50446336
1731722501	1731777106	1731833409	1162	1164	50446336	55361536
1731891420	1731946025	1732002329	1165	1167	55361536	60276736
1732060339	1732114949	1732171245	1168	1170	60276736	50446336
1732229258	1732283868	1732340166	1171	1173	50446336	55361536
1732398176	1732452782	1732509084	1174	1176	55361536	60276736
1732567095	1732621703	1732678001	1177	1179	60276736	50446336
1732736039	1732790622	1732846921	1180	1182	50446336	55361536
1732905035	1732959538	1733015841	1183	1185	55361536	60276736
1733073852	1733128456	1733184759	1186	1188	60276736	50446336
1733242770	1733297375	1733353680	1189	1191	50446336	55361536
1733411690	1733466297	1733522598	1192	1194	55361536	60276736
1733580618	1733635214	1733691515	1195	1197	60276736	50446336
1733749528	1733804136	1733860434	1198	1200	50446336	55361536
1733918444	1733973052	1734029356	1201	1203	55361536	60276736
1734087367	1734141971	1734198272	1204	1206	60276736	50446336
1734256300	1734310888	1734367193	1207	1209	50446336	55361536
1734425200	1734479808	1734536110	1210	1212	55361536	60276736
1734594121	1734648725	1734705030	1213	1215	60276736	50446336
1734763039	1734817644	1734873948	1216	1218	50446336	55361536
1734931967	1734986564	1735042868	1219	1221	55361536	60276736
1735100877	1735155485	1735211783	1222	1224	60276736	50446336
1735269795	1735324405	1735380702	1225	1227	50446336	55361536
1735438714	1735493319	1735549624	1228	1230	55361536	60276736
1735607642	1735662243	1735718541	1231	1233	60276736	50446336
1735776552	1735831156	1735887461	1234	1236	50446336	55361536
1735945471	1736000080	1736056376	1237	1239	55361536	60276736
1736114413	1736168998	1736225298	1240	1242	60276736	50446336
1736283348	1736337915	1736394217	1243	1245	50446336	55361536
1736452227	1736506833	1736563134	1246	1248	55361536	60276736
1736621145	1736675750	1736732052	1249	1251	60276736	50446336
1736790062	1736844674	1736900971	1252	1254	50446336	55361536
1736958979	1737013591	1737069891	1255	1257	55361536	60276736
1737127901	1737182510	1737238809	1258	1260	60276736	50446336
1737296821	1737351428	1737407727	1261	1263	50446336	55361536
1737465739	1737520347	1737576647	1264	1266	55361536	60276736
1737634666	1737689263	1737745567	1267	1269	60276736	50446336
1737803578	1737858188	1737914487	1270	1272	50446336	55361536
1737972496	1738027103	1738083403	1273	1275	55361536	60276736
1738141414	1738196019	1738252323	1276	1278	60276736	50446336
1738310332	1738364940	1738421241	1279	1281	50446336	55361536
1738479252	1738533860	1738590159	1282	1284	55361536	60276736
1738648166	1738702777	1738759079	1285	1287	60276736	50446336
1738817089	1738871696	1738927998	1288	1290	50446336	55361536
1738986009	1739040616	1739096916	1291	1293	55361536	60276736
1739154928	1739209534	1739265836	1294	1296	60276736	50446336
1739323845	1739378455	1739434757	1297	1299	50446336	55361536
1739492774	1739547371	1739603671	1300	1302	55361536	60276736
1739661707	1739716289	1739772592	1303	1305	60276736	50446336
1739830602	1739885209	1739941508	1306	1308	50446336	55361536
1739999520	1740054127	1740110430	1309	1311	55361536	60276736
1740168439	1740223045	1740279346	1312	1314	60276736	50446336
1740337358	1740391966	1740448266	1315	1317	50446336	55361536
1740506278	1740560882	1740617184	1318	1320	55361536	60276736
1740675196	1740729800	1740786102	1321	1323	60276736	50446336
1740844115	1740898719	1740955024	1324	1326	50446336	55361536
1741013039	1741067640	1741123939	1327	1329	55361536	60276736
1741181951	1741236561	1741292861	1330	1332	60276736	50446336
1741350870	1741405478	1741461779	1333	1335	50446336	55361536
1741519790	1741574394	1741630696	1336	1338	55361536	60276736
1741688707	1741743318	1741799614	1339	1341	60276736	50446336
1741857627	1741912236	1741968533	1342	1344	50446336	55361536
1742026546	1742081155	1742137454	1345	1347	55361536	60276736
1742195464	1742250075	1742306372	1348	1350	60276736	50446336
1742364384	1742418990	1742475293	1351	1353	50446336	55361536
1742533301	1742587909	1742644211	1354	1356	55361536	60276736
1742702220	1742756830	1742813127	1357	1359	60276736	50446336
1742871163	1742925744	1742982047	1360	1362	50446336	55361536
1743040081	1743094664	1743150965	1363	1365	55361536	60276736
1743208977	1743263586	1743319887	1366	1368	60276736	50446336
1743377895	1743432503	1743488805	1369	1371	50446336	55361536
1743546815	1743601419	1743657720	1372	1374	55361536	60276736
1743715733	1743770341	1743826640	1375	1377	60276736	50446336
1743884653	1743939256	1743995561	1378	1380	50446336	55361536
1744053570	1744108180	1744164478	1381	1383	55361536	60276736
1744222489	1744277100	1744333396	1384	1386	60276736	50446336
1744391415	1744446014	1744502317	1387	1389	50446336	55361536
1744560326	1744614937	1744671233	1390	1392	55361536	60276736
1744729246	1744783852	1744840151	1393	1395	60276736	50446336
1744898164	1744952774	1745009070	1396	1398	50446336	55361536
1745067083	1745121692	1745177993	1399	1401	55361536	60276736
1745236002	1745290608	1745346908	1402	1404	60276736	50446336
1745404919	1745459528	1745515829	1405	1407	50446336	55361536
1745573838	1745628450	1745684747	1408	1410	55361536	60276736
1745742758	1745797364	1745853664	1411	1413	60276736	50446336
1745911676	1745966282	1746022584	1414	1416	50446336	55361536
1746080596	1746135203	1746191505	1417	1419	55361536	60276736
1746249538	1746304120	1746360421	1420	1422	60276736	50446336
1746418456	1746473038	1746529341	1423	1425	50446336	55361536
1746587352	1746641958	1746698261	1426	1428	55361536	60276736
1746756270	1746810881	1746867177	1429	1431	60276736	50446336
1746925190	1746979799	1747036097	1432	1434	50446336	55361536
1747094107	1747148714	1747205015	1435	1437	55361536	60276736
1747263027	1747317636	1747373937	1438	1440	60276736	50446336
1747431945	1747486553	1747542851	1441	1443	50446336	55361536
1747600942	1747655471	1747711771	1444	1446	55361536	60276736
1747769789	1747824387	1747880693	1447	1449	60276736	50446336
1747938699	1747993308	1748049611	1450	1452	50446336	55361536
1748107619	1748162230	1748218528	1453	1455	55361536	60276736
1748276618	1748331146	1748387448	1456	1458	60276736	50446336
1748445457	1748500067	1748556368	1459	1461	50446336	55361536
1748614378	1748668981	1748725284	1462	1464	55361536	60276736
1748783294	1748837906	1748894203	1465	1467	60276736	50446336
1748952223	1749006821	1749063121	1468	1470	50446336	55361536
1749121133	1749175741	1749232042	1471	1473	55361536	60276736
1749290052	1749344660	1749400959	1474	1476	60276736	50446336
1749458970	1749513578	1749569878	1477	1479	50446336	55361536
1749627908	1749682496	1749738795	1480	1482	55361536	60276736
1749796831	1749851414	1749907717	1483	1485	60276736	50446336
1749965728	1750020337	1750076632	1486	1488	50446336	55361536
1750134646	1750189251	1750245555	1489	1491	55361536	60276736
1750303576	1750358173	1750414471	1492	1494	60276736	50446336
1750472483	1750527091	1750583391	1495	1497	50446336	55361536
1750641402	1750696011	1750752309	1498	1500	55361536	60276736
1750810321	1750864926	1750921228	1501	1503	60276736	50446336
1750979248	1751033847	1751090147	1504	1506	50446336	55361536
1751148167	1751202767	1751259067	1507	1509	55361536	60276736
1751317074	1751371686	1751427983	1510	1512	60276736	50446336
1751485996	1751540602	1751596905	1513	1515	50446336	55361536
1751654930	1751709523	1751765820	1516	1518	55361536	60276736
1751823832	1751878440	1751934741	1519	1521	60276736	50446336
1751992752	1752047356	1752103661	1522	1524	50446336	55361536
1752161670	1752216279	1752272580	1525	1527	55361536	60276736
1752330590	1752385194	1752441498	1528	1530	60276736	50446336
1752499507	1752554115	1752610414	1531	1533	50446336	55361536
1752668426	1752723032	1752779335	1534	1536	55361536	60276736
1752837343	1752891955	1752948252	1537	1539	60276736	50446336
1753006285	1753060869	1753117172	1540	1542	50446336	55361536
1753175206	1753229789	1753286089	1543	1545	55361536	60276736
1753344104	1753398710	1753455010	1546	1548	60276736	50446336
1753513020	1753567626	1753623928	1549	1551	50446336	55361536
1753681936	1753736546	1753792846	1552	1554	55361536	60276736
1753850857	1753905463	1753961767	1555	1557	60276736	50446336
1754019775	1754074385	1754130686	1558	1560	50446336	55361536
1754188695	1754243304	1754299602	1561	1563	55361536	60276736
1754357614	1754412222	1754468522	1564	1566	60276736	50446336
1754526540	1754581139	1754637441	1567	1569	50446336	55361536
1754695452	1754750058	1754806361	1570	1572	55361536	60276736
1754864369	1754918977	1754975279	1573	1575	60276736	50446336
1755033289	1755087894	1755144196	1576	1578	50446336	55361536
1755202206	1755256813	1755313117	1579	1581	55361536	60276736
1755371127	1755425737	1755482033	1582	1584	60276736	50446336
1755540045	1755594652	1755650952	1585	1587	50446336	55361536
1755708964	1755763569	1755819872	1588	1590	55361536	60276736
1755877883	1755932492	1755988793	1591	1593	60276736	50446336
1756046802	1756101407	1756157710	1594	1596	50446336	55361536
1756215720	1756270330	1756326628	1597	1599	55361536	60276736
1756384662	1756439244	1756495546	1600	1602	60276736	50446336
1756553580	1756608166	1756664466	1603	1605	50446336	55361536
1756722477	1756777086	1756833383	1606	1608	55361536	60276736
1756891396	1756946005	1757002304	1609	1611	60276736	50446336
1757060315	1757114922	1757171224	1612	1614	50446336	55361536
1757229233	1757283842	1757340139	1615	1617	55361536	60276736
1757398154	1757452761	1757509060	1618	1620	60276736	50446336
1757567070	1757621676	1757677976	1621	1623	50446336	55361536
1757735990	1757790594	1757846897	1624	1626	55361536	60276736
1757904915	1757959518	1758015817	1627	1629	60276736	50446336
1758073827	1758128433	1758184733	1630	1632	50446336	55361536
1758242744	1758297351	1758353653	1633	1635	55361536	60276736
1758411664	1758466274	1758522571	1636	1638	60276736	50446336
1758580582	1758635192	1758691493	1639	1641	50446336	55361536
1758749501	1758804111	1758860409	1642	1644	55361536	60276736
1758918423	1758973028	1759029327	1645	1647	60276736	50446336
1759087339	1759141944	1759198247	1648	1650	50446336	55361536
1759256257	1759310865	1759367164	1651	1653	55361536	60276736
1759425176	1759479782	1759536083	1654	1656	60276736	50446336
1759594095	1759648704	1759705002	1657	1659	50446336	55361536
1759763038	1759817623	1759873920	1660	1662	55361536	60276736
1759931955	1759986542	1760042841	1663	1665	60276736	50446336
1760100852	1760155461	1760211761	1666	1668	50446336	55361536
1760269770	1760324376	1760380678	1669	1671	55361536	60276736
1760438689	1760493299	1760549595	1672	1674	60276736	50446336
1760607604	1760662214	1760718517	1675	1677	50446336	55361536
1760776528	1760831137	1760887436	1678	1680	55361536	60276736
1760945445	1761000051	1761056352	1681	1683	60276736	50446336
1761114365	1761168971	1761225271	1684	1686	50446336	55361536
1761283290	1761337892	1761394190	1687	1689	55361536	60276736
1761452202	1761506811	1761563112	1690	1692	60276736	50446336
1761621121	1761675802	1761732026	1693	1695	50446336	55361536
1761790039	1761844647	1761900946	1696	1698	55361536	60276736
1761958956	1762013567	1762069865	1699	1701	60276736	50446336
1762127876	1762182481	1762238785	1702	1704	50446336	55361536
1762296795	1762351402	1762407703	1705	1707	55361536	60276736
1762465714	1762520323	1762576620	1708	1710	60276736	50446336
1762634633	1762689244	1762745539	1711	1713	50446336	55361536
1762803553	1762858157	1762914459	1714	1716	55361536	60276736
1762972557	1763027080	1763083379	1717	1719	60276736	50446336
1763141410	1763195998	1763252297	1720	1722	50446336	55361536
1763310330	1763364915	1763421215	1723	1725	55361536	60276736
1763479228	1763533833	1763590136	1726	1728	60276736	50446336
1763648205	1763702750	1763759055	1729	1731	50446336	55361536
1763817065	1763871675	1763927971	1732	1734	55361536	60276736
1763985983	1764040594	1764096890	1735	1737	60276736	50446336
1764154903	1764209511	1764265811	1738	1740	50446336	55361536
1764323830	1764378426	1764434727	1741	1743	55361536	60276736
1764492739	1764547346	1764603648	1744	1746	60276736	50446336
1764661666	1764716264	1764772565	1747	1749	50446336	55361536
1764830577	1764885183	1764941487	1750	1752	55361536	60276736
1764999503	1765054100	1765110402	1753	1755	60276736	50446336
1765168414	1765223022	1765279321	1756	1758	50446336	55361536
1765337332	1765391938	1765448240	1759	1761	55361536	60276736
1765506252	1765560861	1765617160	1762	1764	60276736	50446336
1765675179	1765729775	1765786079	1765	1767	50446336	55361536
1765844089	1765898699	1765954996	1768	1770	55361536	60276736
1766013009	1766067616	1766123915	1771	1773	60276736	50446336
1766181927	1766236536	1766292835	1774	1776	50446336	55361536
1766350853	1766405450	1766461751	1777	1779	55361536	60276736
1766519788	1766574372	1766630671	1780	1782	60276736	50446336
1766688704	1766743287	1766799592	1783	1785	50446336	55361536
1766857602	1766912211	1766968512	1786	1788	55361536	60276736
1767026521	1767081125	1767137427	1789	1791	60276736	50446336
1767195439	1767250044	1767306349	1792	1794	50446336	55361536
1767364357	1767418967	1767475267	1795	1797	55361536	60276736
1767533277	1767587883	1767644184	1798	1800	60276736	50446336
1767702195	1767756800	1767813103	1801	1803	50446336	55361536
1767871114	1767925723	1767982020	1804	1806	55361536	60276736
1768040040	1768094643	1768150940	1807	1809	60276736	50446336
1768208952	1768263556	1768319857	1810	1812	50446336	55361536
1768377871	1768432479	1768488779	1813	1815	55361536	60276736
1768546789	1768601395	1768657697	1816	1818	60276736	50446336
1768715707	1768770316	1768826617	1819	1821	50446336	55361536
1768884626	1768939234	1768995532	1822	1824	55361536	60276736
1769053546	1769108155	1769164455	1825	1827	60276736	50446336
1769222464	1769277073	1769333373	1828	1830	50446336	55361536
1769391383	1769445992	1769502290	1831	1833	55361536	60276736
1769560302	1769614907	1769671208	1834	1836	60276736	50446336
1769729220	1769783829	1769840130	1837	1839	50446336	55361536
1769898162	1769952744	1770009047	1840	1842	55361536	60276736
1770067081	1770121664	1770177966	1843	1845	60276736	50446336
1770235977	1770290582	1770346884	1846	1848	50446336	55361536
1770404895	1770459503	1770515802	1849	1851	55361536	60276736
1770573815	1770628420	1770684723	1852	1854	60276736	50446336
1770742733	1770797339	1770853639	1855	1857	50446336	55361536
1770911652	1770966258	1771022558	1858	1860	55361536	60276736
1771080570	1771135175	1771191479	1861	1863	60276736	50446336
1771249488	1771304099	1771360396	1864	1866	50446336	55361536
1771418414	1771473015	1771529314	1867	1869	55361536	60276736
1771587328	1771641936	1771698234	1870	1872	60276736	50446336
1771756245	1771810855	1771867152	1873	1875	50446336	55361536
1771925178	1771979772	1772036072	1876	1878	55361536	60276736
1772094085	1772148688	1772204991	1879	1881	60276736	50446336
1772263001	1772317608	1772373908	1882	1884	50446336	55361536
1772431921	1772486527	1772542828	1885	1887	55361536	60276736
1772600840	1772655446	1772711747	1888	1890	60276736	50446336
1772769758	1772824363	1772880664	1891	1893	50446336	55361536
1772938677	1772993284	1773049583	1894	1896	55361536	60276736
1773107595	1773162203	1773218503	1897	1899	60276736	50446336
1773276525	1773331119	1773387423	1900	1902	50446336	55361536
1773445456	1773500040	1773556341	1903	1905	55361536	60276736
1773614352	1773668960	1773725257	1906	1908	60276736	50446336
1773783271	1773837880	1773894177	1909	1911	50446336	55361536
1773952190	1774006798	1774063095	1912	1914	55361536	60276736
1774121107	1774175713	1774232017	1915	1917	60276736	50446336
1774290027	1774344634	1774400933	1918	1920	50446336	55361536
1774458945	1774513551	1774569851	1921	1923	55361536	60276736
1774627864	1774682471	1774738771	1924	1926	60276736	50446336
1774796790	1774851388	1774907691	1927	1929	50446336	55361536
1774965702	1775020308	1775076608	1930	1932	55361536	60276736
1775134620	1775189228	1775245530	1933	1935	60276736	50446336
1775303540	1775358150	1775414447	1936	1938	50446336	55361536
1775472457	1775527068	1775583366	1939	1941	55361536	60276736
1775641376	1775695987	1775752283	1942	1944	60276736	50446336
1775810295	1775864901	1775921203	1945	1947	50446336	55361536
1775979214	1776033819	1776090122	1948	1950	55361536	60276736
1776148133	1776202737	1776259042	1951	1953	60276736	50446336
1776317052	1776371656	1776427960	1954	1956	50446336	55361536
1776485970	1776540580	1776596877	1957	1959	55361536	60276736
1776654913	1776709498	1776765798	1960	1962	60276736	50446336
1776823831	1776878414	1776934715	1963	1965	50446336	55361536
1776992728	1777047400	1777103634	1966	1968	55361536	60276736
1777161646	1777216253	1777272554	1969	1971	60276736	50446336
1777330564	1777385172	1777441473	1972	1974	50446336	55361536
1777499483	1777554089	1777610392	1975	1977	55361536	60276736
1777668402	1777723007	1777779309	1978	1980	60276736	50446336
1777837321	1777891927	1777948227	1981	1983	50446336	55361536
1778006239	1778060845	1778117146	1984	1986	55361536	60276736
1778175166	1778229763	1778286065	1987	1989	60276736	50446336
1778344154	1778398687	1778454987	1990	1992	50446336	55361536
1778512994	1778567601	1778623904	1993	1995	55361536	60276736
1778681914	1778736520	1778792822	1996	1998	60276736	50446336
1778850832	1778905443	1778961742	1999	2001	50446336	55361536
1779019787	1779074360	1779130662	2002	2004	55361536	60276736
