# hakuX #462 signal timing: ST_VBlank_Spin
freq_hz 3375000
timeouts 0
intervals_spanning_a_missed_vblank 0
interval n=300 median=16683.259 p5=16682.370 p95=16684.148 min=16672.296 max=16695.111 us
# raw, counter ticks unless named
seen	vbl_count
1780482009	2028
1780538315	2029
1780594622	2030
1780650930	2031
1780707236	2032
1780763540	2033
1780819847	2034
1780876155	2035
1780932459	2036
1780988767	2037
1781045072	2038
1781101377	2039
1781157684	2040
1781213990	2041
1781270296	2042
1781326602	2043
1781382908	2044
1781439218	2045
1781495523	2046
1781551826	2047
1781608134	2048
1781664442	2049
1781720746	2050
1781777054	2051
1781833358	2052
1781889666	2053
1781945973	2054
1782002279	2055
1782058585	2056
1782114889	2057
1782171197	2058
1782227502	2059
1782283810	2060
1782340118	2061
1782396424	2062
1782452729	2063
1782509036	2064
1782565339	2065
1782621646	2066
1782677951	2067
1782734259	2068
1782790568	2069
1782846873	2070
1782903177	2071
1782959486	2072
1783015789	2073
1783072097	2074
1783128405	2075
1783184709	2076
1783241015	2077
1783297322	2078
1783353629	2079
1783409935	2080
1783466242	2081
1783522547	2082
1783578855	2083
1783635159	2084
1783691468	2085
1783747771	2086
1783804079	2087
1783860383	2088
1783916689	2089
1783972996	2090
1784029303	2091
1784085609	2092
1784141917	2093
1784198223	2094
1784254529	2095
1784310834	2096
1784367143	2097
1784423447	2098
1784479752	2099
1784536059	2100
1784592364	2101
1784648670	2102
1784704977	2103
1784761286	2104
1784817591	2105
1784873897	2106
1784930201	2107
1784986512	2108
1785042815	2109
1785099123	2110
1785155427	2111
1785211737	2112
1785268039	2113
1785324349	2114
1785380653	2115
1785436958	2116
1785493266	2117
1785549570	2118
1785605877	2119
1785662186	2120
1785718492	2121
1785774795	2122
1785831103	2123
1785887409	2124
1785943714	2125
1786000021	2126
1786056329	2127
1786112636	2128
1786168942	2129
1786225247	2130
1786281554	2131
1786337861	2132
1786394165	2133
1786450471	2134
1786506780	2135
1786563085	2136
1786619389	2137
1786675696	2138
1786732005	2139
1786788309	2140
1786844617	2141
1786900922	2142
1786957228	2143
1787013534	2144
1787069842	2145
1787126145	2146
1787182454	2147
1787238760	2148
1787295065	2149
1787351371	2150
1787407679	2151
1787463987	2152
1787520290	2153
1787576597	2154
1787632904	2155
1787689207	2156
1787745518	2157
1787801823	2158
1787858129	2159
1787914436	2160
1787970741	2161
1788027046	2162
1788083351	2163
1788139658	2164
1788195967	2165
1788252270	2166
1788308578	2167
1788364885	2168
1788421191	2169
1788477497	2170
1788533804	2171
1788590111	2172
1788646416	2173
1788702723	2174
1788759028	2175
1788815337	2176
1788871642	2177
1788927948	2178
1788984252	2179
1789040558	2180
1789096868	2181
1789153172	2182
1789209477	2183
1789265784	2184
1789322093	2185
1789378398	2186
1789434701	2187
1789491010	2188
1789547315	2189
1789603624	2190
1789659930	2191
1789716236	2192
1789772539	2193
1789828845	2194
1789885152	2195
1789941459	2196
1789997764	2197
1790054071	2198
1790110379	2199
1790166686	2200
1790222993	2201
1790279295	2202
1790335602	2203
1790391910	2204
1790448217	2205
1790504523	2206
1790560830	2207
1790617134	2208
1790673442	2209
1790729746	2210
1790786054	2211
1790842359	2212
1790898668	2213
1790954972	2214
1791011278	2215
1791067584	2216
1791123893	2217
1791180199	2218
1791236501	2219
1791292810	2220
1791349117	2221
1791405423	2222
1791461727	2223
1791518034	2224
1791574341	2225
1791630645	2226
1791686951	2227
1791743260	2228
1791799565	2229
1791855874	2230
1791912178	2231
1791968485	2232
1792024789	2233
1792081098	2234
1792137402	2235
1792193709	2236
1792250016	2237
1792306321	2238
1792362627	2239
1792418973	2240
1792475242	2241
1792531548	2242
1792587852	2243
1792644161	2244
1792700466	2245
1792756773	2246
1792813079	2247
1792869387	2248
1792925692	2249
1792981998	2250
1793038302	2251
1793094610	2252
1793150915	2253
1793207221	2254
1793263527	2255
1793319834	2256
1793376140	2257
1793432446	2258
1793488753	2259
1793545061	2260
1793601368	2261
1793657672	2262
1793713980	2263
1793770285	2264
1793826589	2265
1793882895	2266
1793939205	2267
1793995512	2268
1794051818	2269
1794108123	2270
1794164429	2271
1794220736	2272
1794277043	2273
1794333345	2274
1794389653	2275
1794445961	2276
1794502267	2277
1794558572	2278
1794614878	2279
1794671186	2280
1794727489	2281
1794783798	2282
1794840101	2283
1794896411	2284
1794952718	2285
1795009023	2286
1795065329	2287
1795121634	2288
1795177942	2289
1795234246	2290
1795290555	2291
1795346859	2292
1795403166	2293
1795459474	2294
1795515780	2295
1795572086	2296
1795628391	2297
1795684699	2298
1795741005	2299
1795797312	2300
1795853614	2301
1795909920	2302
1795966230	2303
1796022537	2304
1796078843	2305
1796135146	2306
1796191454	2307
1796247759	2308
1796304066	2309
1796360372	2310
1796416676	2311
1796472984	2312
1796529292	2313
1796585598	2314
1796641902	2315
1796698209	2316
1796754515	2317
1796810820	2318
1796867127	2319
1796923437	2320
1796979739	2321
1797036049	2322
1797092354	2323
1797148658	2324
1797204967	2325
1797261273	2326
1797317580	2327
1797373884	2328
