# hakuX #462 signal timing: ST_Done_Tiny
freq_hz 3375000
quads 1
target_switch 0
readback 0
reps 300
semaphore_timeouts 0
notify_timeouts 300
busy_timeouts 0
submit(first_draw_to_kick) n=300 median=90.370 p5=49.778 p95=179.259 min=40.593 max=381.926 us
kick_to_semaphore n=300 median=275.259 p5=208.000 p95=1159.704 min=73.481 max=19114.370 us
kick_to_notify n=0
# raw, counter ticks unless named
start	kick	semaphore_seen	notify_seen	notify_slot	ntf0_ts_lo	ntf0_ts_hi	ntf1_ts_lo	ntf1_ts_hi	read_ticks
4889040283	4889040543	4889105054	0	9	4294967295	4294967295	4294967295	4294967295	0
4889884429	4889884862	4889885877	0	9	4294967295	4294967295	4294967295	4294967295	0
4890728733	4890728936	4890729890	0	9	4294967295	4294967295	4294967295	4294967295	0
4891572889	4891574153	4891574996	0	9	4294967295	4294967295	4294967295	4294967295	0
4892417986	4892418202	4892419733	0	9	4294967295	4294967295	4294967295	4294967295	0
4893262094	4893262477	4893263355	0	9	4294967295	4294967295	4294967295	4294967295	0
4894106305	4894106701	4894108103	0	9	4294967295	4294967295	4294967295	4294967295	0
4894950513	4894950866	4894952808	0	9	4294967295	4294967295	4294967295	4294967295	0
4895794671	4895794933	4895797161	0	9	4294967295	4294967295	4294967295	4294967295	0
4896638805	4896639013	4896639926	0	9	4294967295	4294967295	4294967295	4294967295	0
4897482827	4897483019	4897484236	0	9	4294967295	4294967295	4294967295	4294967295	0
4898327042	4898327307	4898328040	0	9	4294967295	4294967295	4294967295	4294967295	0
4899171118	4899171453	4899172382	0	9	4294967295	4294967295	4294967295	4294967295	0
4900015254	4900015443	4900016249	0	9	4294967295	4294967295	4294967295	4294967295	0
4900859305	4900859707	4900860416	0	9	4294967295	4294967295	4294967295	4294967295	0
4901703512	4901703684	4901705150	0	9	4294967295	4294967295	4294967295	4294967295	0
4902547511	4902547836	4902559173	0	9	4294967295	4294967295	4294967295	4294967295	0
4903391769	4903392076	4903394409	0	9	4294967295	4294967295	4294967295	4294967295	0
4904235887	4904236058	4904238031	0	9	4294967295	4294967295	4294967295	4294967295	0
4905079879	4905080076	4905081315	0	9	4294967295	4294967295	4294967295	4294967295	0
4905923933	4905925222	4905926948	0	9	4294967295	4294967295	4294967295	4294967295	0
4906769045	4906769207	4906771939	0	9	4294967295	4294967295	4294967295	4294967295	0
4907613034	4907613221	4907614548	0	9	4294967295	4294967295	4294967295	4294967295	0
4908457032	4908457194	4908460191	0	9	4294967295	4294967295	4294967295	4294967295	0
4909301018	4909301197	4909302605	0	9	4294967295	4294967295	4294967295	4294967295	0
4910145002	4910145154	4910146959	0	9	4294967295	4294967295	4294967295	4294967295	0
4910988963	4910989124	4910990022	0	9	4294967295	4294967295	4294967295	4294967295	0
4911832931	4911833099	4911834861	0	9	4294967295	4294967295	4294967295	4294967295	0
4912676939	4912677634	4912678342	0	9	4294967295	4294967295	4294967295	4294967295	0
4913521600	4913521927	4913522751	0	9	4294967295	4294967295	4294967295	4294967295	0
4914365730	4914365898	4914366799	0	9	4294967295	4294967295	4294967295	4294967295	0
4915209762	4915210106	4915210949	0	9	4294967295	4294967295	4294967295	4294967295	0
4916053926	4916054345	4916055138	0	9	4294967295	4294967295	4294967295	4294967295	0
4916898424	4916898988	4916900219	0	9	4294967295	4294967295	4294967295	4294967295	0
4917742806	4917743140	4917744155	0	9	4294967295	4294967295	4294967295	4294967295	0
4918586950	4918587756	4918588593	0	9	4294967295	4294967295	4294967295	4294967295	0
4919431570	4919431851	4919434445	0	9	4294967295	4294967295	4294967295	4294967295	0
4920275655	4920275847	4920276756	0	9	4294967295	4294967295	4294967295	4294967295	0
4921119652	4921119863	4921120740	0	9	4294967295	4294967295	4294967295	4294967295	0
4921963684	4921964057	4921964937	0	9	4294967295	4294967295	4294967295	4294967295	0
4922807870	4922808043	4922809055	0	9	4294967295	4294967295	4294967295	4294967295	0
4923651868	4923652223	4923653079	0	9	4294967295	4294967295	4294967295	4294967295	0
4924496023	4924496207	4924497148	0	9	4294967295	4294967295	4294967295	4294967295	0
4925340011	4925340221	4925341065	0	9	4294967295	4294967295	4294967295	4294967295	0
4926184575	4926184949	4926185768	0	9	4294967295	4294967295	4294967295	4294967295	0
4927028763	4927029114	4927029964	0	9	4294967295	4294967295	4294967295	4294967295	0
4927872926	4927873232	4927874105	0	9	4294967295	4294967295	4294967295	4294967295	0
4928717049	4928717241	4928718139	0	9	4294967295	4294967295	4294967295	4294967295	0
4929561047	4929561215	4929562112	0	9	4294967295	4294967295	4294967295	4294967295	0
4930405046	4930405408	4930406263	0	9	4294967295	4294967295	4294967295	4294967295	0
4931249217	4931249607	4931250431	0	9	4294967295	4294967295	4294967295	4294967295	0
4932093405	4932093961	4932095322	0	9	4294967295	4294967295	4294967295	4294967295	0
4932937940	4932938277	4932939001	0	9	4294967295	4294967295	4294967295	4294967295	0
4933782082	4933782355	4933783998	0	9	4294967295	4294967295	4294967295	4294967295	0
4934626182	4934626512	4934627357	0	9	4294967295	4294967295	4294967295	4294967295	0
4935470317	4935470875	4935472628	0	9	4294967295	4294967295	4294967295	4294967295	0
4936314678	4936314872	4936328954	0	9	4294967295	4294967295	4294967295	4294967295	0
4937158676	4937158862	4937159822	0	9	4294967295	4294967295	4294967295	4294967295	0
4938002665	4938002967	4938003755	0	9	4294967295	4294967295	4294967295	4294967295	0
4938846784	4938847562	4938848255	0	9	4294967295	4294967295	4294967295	4294967295	0
4939691370	4939691709	4939692592	0	9	4294967295	4294967295	4294967295	4294967295	0
4940535509	4940535909	4940538358	0	9	4294967295	4294967295	4294967295	4294967295	0
4941379712	4941379889	4941381844	0	9	4294967295	4294967295	4294967295	4294967295	0
4942223752	4942224076	4942226082	0	9	4294967295	4294967295	4294967295	4294967295	0
4943067898	4943068136	4943069250	0	9	4294967295	4294967295	4294967295	4294967295	0
4943912143	4943912499	4943913319	0	9	4294967295	4294967295	4294967295	4294967295	0
4944756303	4944756491	4944757721	0	9	4294967295	4294967295	4294967295	4294967295	0
4945600286	4945601304	4945602032	0	9	4294967295	4294967295	4294967295	4294967295	0
4946445115	4946445304	4946452615	0	9	4294967295	4294967295	4294967295	4294967295	0
4947289325	4947289630	4947290421	0	9	4294967295	4294967295	4294967295	4294967295	0
4948133439	4948133618	4948135114	0	9	4294967295	4294967295	4294967295	4294967295	0
4948977417	4948977591	4948979499	0	9	4294967295	4294967295	4294967295	4294967295	0
4949821394	4949821613	4949824694	0	9	4294967295	4294967295	4294967295	4294967295	0
4950665421	4950665606	4950666980	0	9	4294967295	4294967295	4294967295	4294967295	0
4951509415	4951509589	4951511517	0	9	4294967295	4294967295	4294967295	4294967295	0
4952353411	4952353703	4952355164	0	9	4294967295	4294967295	4294967295	4294967295	0
4953197974	4953198433	4953202518	0	9	4294967295	4294967295	4294967295	4294967295	0
4954042252	4954042617	4954043447	0	9	4294967295	4294967295	4294967295	4294967295	0
4954886461	4954886920	4954887541	0	9	4294967295	4294967295	4294967295	4294967295	0
4955730744	4955731081	4955732266	0	9	4294967295	4294967295	4294967295	4294967295	0
4956574908	4956575119	4956576509	0	9	4294967295	4294967295	4294967295	4294967295	0
4957418929	4957419124	4957420022	0	9	4294967295	4294967295	4294967295	4294967295	0
4958262927	4958263102	4958264013	0	9	4294967295	4294967295	4294967295	4294967295	0
4959107393	4959107710	4959108534	0	9	4294967295	4294967295	4294967295	4294967295	0
4959951679	4959952002	4959952856	0	9	4294967295	4294967295	4294967295	4294967295	0
4960795838	4960796215	4960797683	0	9	4294967295	4294967295	4294967295	4294967295	0
4961640020	4961640221	4961642019	0	9	4294967295	4294967295	4294967295	4294967295	0
4962484031	4962484368	4962485903	0	9	4294967295	4294967295	4294967295	4294967295	0
4963328179	4963328522	4963329375	0	9	4294967295	4294967295	4294967295	4294967295	0
4964172330	4964172502	4964173376	0	9	4294967295	4294967295	4294967295	4294967295	0
4965016304	4965016475	4965017396	0	9	4294967295	4294967295	4294967295	4294967295	0
4965860285	4965861123	4965861801	0	9	4294967295	4294967295	4294967295	4294967295	0
4966704925	4966705238	4966706072	0	9	4294967295	4294967295	4294967295	4294967295	0
4967549065	4967549402	4967550178	0	9	4294967295	4294967295	4294967295	4294967295	0
4968393209	4968393557	4968394327	0	9	4294967295	4294967295	4294967295	4294967295	0
4969237365	4969237665	4969238497	0	9	4294967295	4294967295	4294967295	4294967295	0
4970081470	4970081649	4970085493	0	9	4294967295	4294967295	4294967295	4294967295	0
4970925508	4970926043	4970927075	0	9	4294967295	4294967295	4294967295	4294967295	0
4971769866	4971770436	4971771683	0	9	4294967295	4294967295	4294967295	4294967295	0
4972614543	4972614873	4972615693	0	9	4294967295	4294967295	4294967295	4294967295	0
4973458700	4973459067	4973460196	0	9	4294967295	4294967295	4294967295	4294967295	0
4974302875	4974303237	4974304090	0	9	4294967295	4294967295	4294967295	4294967295	0
4975147056	4975147231	4975148110	0	9	4294967295	4294967295	4294967295	4294967295	0
4975991057	4975991391	4975992124	0	9	4294967295	4294967295	4294967295	4294967295	0
4976835209	4976835405	4976836357	0	9	4294967295	4294967295	4294967295	4294967295	0
4977679215	4977679791	4977680384	0	9	4294967295	4294967295	4294967295	4294967295	0
4978523622	4978524004	4978524888	0	9	4294967295	4294967295	4294967295	4294967295	0
4979367813	4979368015	4979368944	0	9	4294967295	4294967295	4294967295	4294967295	0
4980211842	4980212178	4980213037	0	9	4294967295	4294967295	4294967295	4294967295	0
4981056002	4981056353	4981057223	0	9	4294967295	4294967295	4294967295	4294967295	0
4981900164	4981900597	4981901372	0	9	4294967295	4294967295	4294967295	4294967295	0
4982744399	4982744590	4982745771	0	9	4294967295	4294967295	4294967295	4294967295	0
4983588464	4983588995	4983589980	0	9	4294967295	4294967295	4294967295	4294967295	0
4984432829	4984433226	4984434112	0	9	4294967295	4294967295	4294967295	4294967295	0
4985277522	4985277714	4985278583	0	9	4294967295	4294967295	4294967295	4294967295	0
4986121534	4986121753	4986124331	0	9	4294967295	4294967295	4294967295	4294967295	0
4986965577	4986965907	4986978810	0	9	4294967295	4294967295	4294967295	4294967295	0
4987809741	4987809977	4987810911	0	9	4294967295	4294967295	4294967295	4294967295	0
4988653796	4988654116	4988654933	0	9	4294967295	4294967295	4294967295	4294967295	0
4989497923	4989498151	4989499675	0	9	4294967295	4294967295	4294967295	4294967295	0
4990341965	4990342310	4990343045	0	9	4294967295	4294967295	4294967295	4294967295	0
4991186124	4991186351	4991187348	0	9	4294967295	4294967295	4294967295	4294967295	0
4992030160	4992030457	4992031090	0	9	4294967295	4294967295	4294967295	4294967295	0
4992874283	4992874602	4992875899	0	9	4294967295	4294967295	4294967295	4294967295	0
4993718403	4993718736	4993719560	0	9	4294967295	4294967295	4294967295	4294967295	0
4994562554	4994562767	4994563715	0	9	4294967295	4294967295	4294967295	4294967295	0
4995406594	4995406926	4995407637	0	9	4294967295	4294967295	4294967295	4294967295	0
4996250743	4996251065	4996251868	0	9	4294967295	4294967295	4294967295	4294967295	0
4997094880	4997095051	4997095982	0	9	4294967295	4294967295	4294967295	4294967295	0
4997939243	4997939778	4997940815	0	9	4294967295	4294967295	4294967295	4294967295	0
4998783693	4998783948	4998785652	0	9	4294967295	4294967295	4294967295	4294967295	0
4999628110	4999628485	4999629373	0	9	4294967295	4294967295	4294967295	4294967295	0
5000472303	5000472523	5000474493	0	9	4294967295	4294967295	4294967295	4294967295	0
5001316327	5001316623	5001317398	0	9	4294967295	4294967295	4294967295	4294967295	0
5002160424	5002160585	5002161619	0	9	4294967295	4294967295	4294967295	4294967295	0
5003004382	5003004551	5003005483	0	9	4294967295	4294967295	4294967295	4294967295	0
5003848358	5003848862	5003865332	0	9	4294967295	4294967295	4294967295	4294967295	0
5004692693	5004693039	5004693771	0	9	4294967295	4294967295	4294967295	4294967295	0
5005536843	5005537365	5005538057	0	9	4294967295	4294967295	4294967295	4294967295	0
5006381168	5006381367	5006382761	0	9	4294967295	4294967295	4294967295	4294967295	0
5007225174	5007225351	5007226806	0	9	4294967295	4294967295	4294967295	4294967295	0
5008069155	5008069323	5008070258	0	9	4294967295	4294967295	4294967295	4294967295	0
5008913199	5008913590	5008914786	0	9	4294967295	4294967295	4294967295	4294967295	0
5009757411	5009757775	5009758641	0	9	4294967295	4294967295	4294967295	4294967295	0
5010601586	5010601907	5010602681	0	9	4294967295	4294967295	4294967295	4294967295	0
5011445713	5011445881	5011446945	0	9	4294967295	4294967295	4294967295	4294967295	0
5012289747	5012290089	5012290894	0	9	4294967295	4294967295	4294967295	4294967295	0
5013133913	5013134523	5013135660	0	9	4294967295	4294967295	4294967295	4294967295	0
5013978530	5013978866	5013979661	0	9	4294967295	4294967295	4294967295	4294967295	0
5014822674	5014822971	5014823819	0	9	4294967295	4294967295	4294967295	4294967295	0
5015666780	5015666971	5015667879	0	9	4294967295	4294967295	4294967295	4294967295	0
5016510781	5016511063	5016511845	0	9	4294967295	4294967295	4294967295	4294967295	0
5017354887	5017355088	5017355965	0	9	4294967295	4294967295	4294967295	4294967295	0
5018198897	5018199501	5018200753	0	9	4294967295	4294967295	4294967295	4294967295	0
5019043306	5019043592	5019044701	0	9	4294967295	4294967295	4294967295	4294967295	0
5019887634	5019887818	5019889205	0	9	4294967295	4294967295	4294967295	4294967295	0
5020731639	5020731793	5020738989	0	9	4294967295	4294967295	4294967295	4294967295	0
5021575621	5021575803	5021576755	0	9	4294967295	4294967295	4294967295	4294967295	0
5022419607	5022419752	5022421166	0	9	4294967295	4294967295	4294967295	4294967295	0
5023263602	5023264044	5023265615	0	9	4294967295	4294967295	4294967295	4294967295	0
5024107858	5024108173	5024109812	0	9	4294967295	4294967295	4294967295	4294967295	0
5024952008	5024952304	5024953066	0	9	4294967295	4294967295	4294967295	4294967295	0
5025796130	5025796442	5025797365	0	9	4294967295	4294967295	4294967295	4294967295	0
5026640262	5026640610	5026641446	0	9	4294967295	4294967295	4294967295	4294967295	0
5027484410	5027484926	5027485929	0	9	4294967295	4294967295	4294967295	4294967295	0
5028329106	5028329416	5028330265	0	9	4294967295	4294967295	4294967295	4294967295	0
5029173228	5029173428	5029176371	0	9	4294967295	4294967295	4294967295	4294967295	0
5030017254	5030017588	5030018817	0	9	4294967295	4294967295	4294967295	4294967295	0
5030861393	5030861588	5030863290	0	9	4294967295	4294967295	4294967295	4294967295	0
5031705396	5031705575	5031706531	0	9	4294967295	4294967295	4294967295	4294967295	0
5032549372	5032549553	5032551166	0	9	4294967295	4294967295	4294967295	4294967295	0
5033393360	5033393549	5033394359	0	9	4294967295	4294967295	4294967295	4294967295	0
5034237375	5034237708	5034238910	0	9	4294967295	4294967295	4294967295	4294967295	0
5035081511	5035081992	5035082708	0	9	4294967295	4294967295	4294967295	4294967295	0
5035926123	5035926458	5035927191	0	9	4294967295	4294967295	4294967295	4294967295	0
5036770261	5036770438	5036771648	0	9	4294967295	4294967295	4294967295	4294967295	0
5037614245	5037614565	5037619571	0	9	4294967295	4294967295	4294967295	4294967295	0
5038458390	5038458714	5038460450	0	9	4294967295	4294967295	4294967295	4294967295	0
5039302581	5039303109	5039305466	0	9	4294967295	4294967295	4294967295	4294967295	0
5040146907	5040147180	5040148051	0	9	4294967295	4294967295	4294967295	4294967295	0
5040990982	5040991273	5040992558	0	9	4294967295	4294967295	4294967295	4294967295	0
5041835073	5041835384	5041836650	0	9	4294967295	4294967295	4294967295	4294967295	0
5042679606	5042679903	5042680672	0	9	4294967295	4294967295	4294967295	4294967295	0
5043523704	5043523966	5043525756	0	9	4294967295	4294967295	4294967295	4294967295	0
5044367775	5044368065	5044368738	0	9	4294967295	4294967295	4294967295	4294967295	0
5045211870	5045212158	5045214117	0	9	4294967295	4294967295	4294967295	4294967295	0
5046056007	5046056577	5046057279	0	9	4294967295	4294967295	4294967295	4294967295	0
5046900411	5046901405	5046901769	0	9	4294967295	4294967295	4294967295	4294967295	0
5047745204	5047745403	5047746319	0	9	4294967295	4294967295	4294967295	4294967295	0
5048589210	5048589382	5048591039	0	9	4294967295	4294967295	4294967295	4294967295	0
5049433189	5049433475	5049434319	0	9	4294967295	4294967295	4294967295	4294967295	0
5050277283	5050277548	5050278227	0	9	4294967295	4294967295	4294967295	4294967295	0
5051121370	5051121564	5051122497	0	9	4294967295	4294967295	4294967295	4294967295	0
5051965413	5051965863	5051966736	0	9	4294967295	4294967295	4294967295	4294967295	0
5052809851	5052810179	5052811008	0	9	4294967295	4294967295	4294967295	4294967295	0
5053653977	5053654986	5053655778	0	9	4294967295	4294967295	4294967295	4294967295	0
5054498792	5054499104	5054500903	0	9	4294967295	4294967295	4294967295	4294967295	0
5055342933	5055343272	5055344141	0	9	4294967295	4294967295	4294967295	4294967295	0
5056187084	5056187388	5056189232	0	9	4294967295	4294967295	4294967295	4294967295	0
5057031200	5057031376	5057032307	0	9	4294967295	4294967295	4294967295	4294967295	0
5057875186	5057875381	5057876491	0	9	4294967295	4294967295	4294967295	4294967295	0
5058719181	5058719391	5058720121	0	9	4294967295	4294967295	4294967295	4294967295	0
5059563217	5059563453	5059564318	0	9	4294967295	4294967295	4294967295	4294967295	0
5060407264	5060407630	5060408428	0	9	4294967295	4294967295	4294967295	4294967295	0
5061251631	5061251951	5061252810	0	9	4294967295	4294967295	4294967295	4294967295	0
5062095755	5062095930	5062096868	0	9	4294967295	4294967295	4294967295	4294967295	0
5062939813	5062940500	5062941246	0	9	4294967295	4294967295	4294967295	4294967295	0
5063784325	5063784544	5063785516	0	9	4294967295	4294967295	4294967295	4294967295	0
5064628361	5064628849	5064629696	0	9	4294967295	4294967295	4294967295	4294967295	0
5065472654	5065472985	5065473867	0	9	4294967295	4294967295	4294967295	4294967295	0
5066316784	5066316959	5066317886	0	9	4294967295	4294967295	4294967295	4294967295	0
5067160906	5067161343	5067162121	0	9	4294967295	4294967295	4294967295	4294967295	0
5068005626	5068005996	5068006868	0	9	4294967295	4294967295	4294967295	4294967295	0
5068849806	5068850296	5068851132	0	9	4294967295	4294967295	4294967295	4294967295	0
5069694128	5069694371	5069694619	0	9	4294967295	4294967295	4294967295	4294967295	0
5070538197	5070538572	5070539584	0	9	4294967295	4294967295	4294967295	4294967295	0
5071382402	5071382779	5071400028	0	9	4294967295	4294967295	4294967295	4294967295	0
5072226594	5072226915	5072227880	0	9	4294967295	4294967295	4294967295	4294967295	0
5073071038	5073071359	5073072418	0	9	4294967295	4294967295	4294967295	4294967295	0
5073915244	5073915763	5073917157	0	9	4294967295	4294967295	4294967295	4294967295	0
5074759585	5074759786	5074760626	0	9	4294967295	4294967295	4294967295	4294967295	0
5075603610	5075603923	5075604689	0	9	4294967295	4294967295	4294967295	4294967295	0
5076447732	5076448005	5076448973	0	9	4294967295	4294967295	4294967295	4294967295	0
5077291886	5077292349	5077293572	0	9	4294967295	4294967295	4294967295	4294967295	0
5078136162	5078136369	5078140540	0	9	4294967295	4294967295	4294967295	4294967295	0
5078980405	5078980623	5078981877	0	9	4294967295	4294967295	4294967295	4294967295	0
5079824661	5079824848	5079826719	0	9	4294967295	4294967295	4294967295	4294967295	0
5080668933	5080669258	5080671911	0	9	4294967295	4294967295	4294967295	4294967295	0
5081513077	5081513598	5081515534	0	9	4294967295	4294967295	4294967295	4294967295	0
5082357407	5082357738	5082358867	0	9	4294967295	4294967295	4294967295	4294967295	0
5083201543	5083201734	5083202562	0	9	4294967295	4294967295	4294967295	4294967295	0
5084045562	5084045787	5084046682	0	9	4294967295	4294967295	4294967295	4294967295	0
5084889596	5084889771	5084890736	0	9	4294967295	4294967295	4294967295	4294967295	0
5085733590	5085734168	5085734877	0	9	4294967295	4294967295	4294967295	4294967295	0
5086577976	5086578263	5086579107	0	9	4294967295	4294967295	4294967295	4294967295	0
5087422076	5087422445	5087423152	0	9	4294967295	4294967295	4294967295	4294967295	0
5088266271	5088266468	5088275468	0	9	4294967295	4294967295	4294967295	4294967295	0
5089110277	5089110454	5089111350	0	9	4294967295	4294967295	4294967295	4294967295	0
5089954309	5089954878	5089956874	0	9	4294967295	4294967295	4294967295	4294967295	0
5090798685	5090799007	5090799818	0	9	4294967295	4294967295	4294967295	4294967295	0
5091642813	5091643418	5091643867	0	9	4294967295	4294967295	4294967295	4294967295	0
5092487338	5092487734	5092488617	0	9	4294967295	4294967295	4294967295	4294967295	0
5093331533	5093331850	5093332660	0	9	4294967295	4294967295	4294967295	4294967295	0
5094175688	5094175969	5094176935	0	9	4294967295	4294967295	4294967295	4294967295	0
5095019772	5095019961	5095020925	0	9	4294967295	4294967295	4294967295	4294967295	0
5095863766	5095864085	5095864907	0	9	4294967295	4294967295	4294967295	4294967295	0
5096707903	5096708219	5096709023	0	9	4294967295	4294967295	4294967295	4294967295	0
5097552023	5097552461	5097553469	0	9	4294967295	4294967295	4294967295	4294967295	0
5098396270	5098396463	5098397392	0	9	4294967295	4294967295	4294967295	4294967295	0
5099240307	5099241035	5099241826	0	9	4294967295	4294967295	4294967295	4294967295	0
5100084860	5100085217	5100086137	0	9	4294967295	4294967295	4294967295	4294967295	0
5100929024	5100929338	5100930064	0	9	4294967295	4294967295	4294967295	4294967295	0
5101773147	5101773462	5101774367	0	9	4294967295	4294967295	4294967295	4294967295	0
5102617265	5102617451	5102618417	0	9	4294967295	4294967295	4294967295	4294967295	0
5103461263	5103461557	5103462708	0	9	4294967295	4294967295	4294967295	4294967295	0
5104305428	5104305903	5104306877	0	9	4294967295	4294967295	4294967295	4294967295	0
5105149731	5105149953	5105156221	0	9	4294967295	4294967295	4294967295	4294967295	0
5105994983	5105995194	5105996877	0	9	4294967295	4294967295	4294967295	4294967295	0
5106838999	5106839242	5106840161	0	9	4294967295	4294967295	4294967295	4294967295	0
5107683040	5107683199	5107684075	0	9	4294967295	4294967295	4294967295	4294967295	0
5108527014	5108527341	5108528646	0	9	4294967295	4294967295	4294967295	4294967295	0
5109371163	5109371370	5109372299	0	9	4294967295	4294967295	4294967295	4294967295	0
5110215174	5110215390	5110216428	0	9	4294967295	4294967295	4294967295	4294967295	0
5111059188	5111059510	5111060328	0	9	4294967295	4294967295	4294967295	4294967295	0
5111903386	5111904051	5111905219	0	9	4294967295	4294967295	4294967295	4294967295	0
5112747855	5112748154	5112748982	0	9	4294967295	4294967295	4294967295	4294967295	0
5113591978	5113592273	5113593081	0	9	4294967295	4294967295	4294967295	4294967295	0
5114436081	5114436381	5114437116	0	9	4294967295	4294967295	4294967295	4294967295	0
5115280185	5115280445	5115281179	0	9	4294967295	4294967295	4294967295	4294967295	0
5116124264	5116124596	5116125350	0	9	4294967295	4294967295	4294967295	4294967295	0
5116968474	5116968804	5116969120	0	9	4294967295	4294967295	4294967295	4294967295	0
5117812634	5117812849	5117815304	0	9	4294967295	4294967295	4294967295	4294967295	0
5118656653	5118657712	5118658778	0	9	4294967295	4294967295	4294967295	4294967295	0
5119501537	5119501752	5119502641	0	9	4294967295	4294967295	4294967295	4294967295	0
5120345560	5120345744	5120346660	0	9	4294967295	4294967295	4294967295	4294967295	0
5121189562	5121189778	5121191427	0	9	4294967295	4294967295	4294967295	4294967295	0
5122033590	5122033768	5122037682	0	9	4294967295	4294967295	4294967295	4294967295	0
5122877569	5122877751	5122880076	0	9	4294967295	4294967295	4294967295	4294967295	0
5123721550	5123721749	5123722742	0	9	4294967295	4294967295	4294967295	4294967295	0
5124565554	5124565742	5124566907	0	9	4294967295	4294967295	4294967295	4294967295	0
5125409554	5125409867	5125410403	0	9	4294967295	4294967295	4294967295	4294967295	0
5126253668	5126254225	5126254920	0	9	4294967295	4294967295	4294967295	4294967295	0
5127098027	5127098204	5127099328	0	9	4294967295	4294967295	4294967295	4294967295	0
5127942687	5127943011	5127944054	0	9	4294967295	4294967295	4294967295	4294967295	0
5128786828	5128787028	5128787946	0	9	4294967295	4294967295	4294967295	4294967295	0
5129630848	5129631276	5129632076	0	9	4294967295	4294967295	4294967295	4294967295	0
5130475084	5130475243	5130479430	0	9	4294967295	4294967295	4294967295	4294967295	0
5131319046	5131319194	5131321471	0	9	4294967295	4294967295	4294967295	4294967295	0
5132162996	5132163133	5132165300	0	9	4294967295	4294967295	4294967295	4294967295	0
5133006989	5133008065	5133008976	0	9	4294967295	4294967295	4294967295	4294967295	0
5133851918	5133852136	5133853333	0	9	4294967295	4294967295	4294967295	4294967295	0
5134695951	5134696321	5134697154	0	9	4294967295	4294967295	4294967295	4294967295	0
5135540122	5135540297	5135542144	0	9	4294967295	4294967295	4294967295	4294967295	0
5136384103	5136384278	5136385201	0	9	4294967295	4294967295	4294967295	4294967295	0
5137228083	5137228382	5137229181	0	9	4294967295	4294967295	4294967295	4294967295	0
5138072225	5138072617	5138073174	0	9	4294967295	4294967295	4294967295	4294967295	0
5138916437	5138916771	5138923066	0	9	4294967295	4294967295	4294967295	4294967295	0
5139760813	5139761174	5139762055	0	9	4294967295	4294967295	4294967295	4294967295	0
5140605008	5140605253	5140606547	0	9	4294967295	4294967295	4294967295	4294967295	0
5141449055	5141449368	5141450246	0	9	4294967295	4294967295	4294967295	4294967295	0
