# hakuX #462 signal timing: ST_Done_DOA
freq_hz 3375000
quads 500
target_switch 1
readback 0
reps 300
semaphore_timeouts 0
notify_timeouts 300
busy_timeouts 0
submit(first_draw_to_kick) n=300 median=11037.037 p5=10166.519 p95=51201.481 min=9830.815 max=100626.667 us
kick_to_semaphore n=300 median=13773.037 p5=14.519 p95=16861.333 min=1.185 max=185871.111 us
kick_to_notify n=0
# raw, counter ticks unless named
start	kick	semaphore_seen	notify_seen	notify_slot	ntf0_ts_lo	ntf0_ts_hi	ntf1_ts_lo	ntf1_ts_hi	read_ticks
4323715499	4323750103	4324377418	0	9	4294967295	4294967295	4294967295	4294967295	0
4324596574	4324914632	4324914642	0	9	4294967295	4294967295	4294967295	4294967295	0
4325759375	4325796562	4325852252	0	9	4294967295	4294967295	4294967295	4294967295	0
4326640614	4326675653	4326726902	0	9	4294967295	4294967295	4294967295	4294967295	0
4327519847	4327554159	4327564770	0	9	4294967295	4294967295	4294967295	4294967295	0
4328398046	4328435223	4328453370	0	9	4294967295	4294967295	4294967295	4294967295	0
4329279052	4329316197	4329366295	0	9	4294967295	4294967295	4294967295	4294967295	0
4330160110	4330196003	4330205651	0	9	4294967295	4294967295	4294967295	4294967295	0
4331040074	4331091940	4331101838	0	9	4294967295	4294967295	4294967295	4294967295	0
4331935823	4331973151	4332001220	0	9	4294967295	4294967295	4294967295	4294967295	0
4332816991	4332861997	4332899629	0	9	4294967295	4294967295	4294967295	4294967295	0
4333705829	4333740933	4333759106	0	9	4294967295	4294967295	4294967295	4294967295	0
4334584741	4334620152	4334675327	0	9	4294967295	4294967295	4294967295	4294967295	0
4335464038	4335498485	4335541946	0	9	4294967295	4294967295	4294967295	4294967295	0
4336342331	4336379498	4336422127	0	9	4294967295	4294967295	4294967295	4294967295	0
4337223310	4337259479	4337322885	0	9	4294967295	4294967295	4294967295	4294967295	0
4338103311	4338284679	4338284746	0	9	4294967295	4294967295	4294967295	4294967295	0
4339128732	4339168933	4339220510	0	9	4294967295	4294967295	4294967295	4294967295	0
4340012769	4340050209	4340095801	0	9	4294967295	4294967295	4294967295	4294967295	0
4340894018	4340929586	4340991266	0	9	4294967295	4294967295	4294967295	4294967295	0
4341773417	4341820687	4341820732	0	9	4294967295	4294967295	4294967295	4294967295	0
4342664510	4342698753	4342749004	0	9	4294967295	4294967295	4294967295	4294967295	0
4343542588	4343578668	4343602367	0	9	4294967295	4294967295	4294967295	4294967295	0
4344422481	4344464889	4344512882	0	9	4294967295	4294967295	4294967295	4294967295	0
4345308701	4345481506	4345481548	0	9	4294967295	4294967295	4294967295	4294967295	0
4346325341	4346364103	4346410748	0	9	4294967295	4294967295	4294967295	4294967295	0
4347207913	4347243261	4347258015	0	9	4294967295	4294967295	4294967295	4294967295	0
4348087074	4348122798	4348174478	0	9	4294967295	4294967295	4294967295	4294967295	0
4348966612	4349000626	4349045833	0	9	4294967295	4294967295	4294967295	4294967295	0
4349844436	4349879207	4349897456	0	9	4294967295	4294967295	4294967295	4294967295	0
4350723145	4350757193	4350811657	0	9	4294967295	4294967295	4294967295	4294967295	0
4351601028	4351635393	4351684428	0	9	4294967295	4294967295	4294967295	4294967295	0
4352479207	4352518274	4352564242	0	9	4294967295	4294967295	4294967295	4294967295	0
4353362396	4353403047	4353456025	0	9	4294967295	4294967295	4294967295	4294967295	0
4354247316	4354282625	4354316605	0	9	4294967295	4294967295	4294967295	4294967295	0
4355126449	4355160386	4355208346	0	9	4294967295	4294967295	4294967295	4294967295	0
4356004197	4356040176	4356094935	0	9	4294967295	4294967295	4294967295	4294967295	0
4356883978	4356921957	4356973978	0	9	4294967295	4294967295	4294967295	4294967295	0
4357765793	4357800500	4357853404	0	9	4294967295	4294967295	4294967295	4294967295	0
4358644410	4358680112	4358727859	0	9	4294967295	4294967295	4294967295	4294967295	0
4359523949	4359560292	4359577275	0	9	4294967295	4294967295	4294967295	4294967295	0
4360404105	4360472044	4360478176	0	9	4294967295	4294967295	4294967295	4294967295	0
4361315861	4361352558	4361408531	0	9	4294967295	4294967295	4294967295	4294967295	0
4362196375	4362230754	4362245551	0	9	4294967295	4294967295	4294967295	4294967295	0
4363074639	4363110002	4363167652	0	9	4294967295	4294967295	4294967295	4294967295	0
4363954827	4363991444	4364046022	0	9	4294967295	4294967295	4294967295	4294967295	0
4364835260	4364873366	4364919852	0	9	4294967295	4294967295	4294967295	4294967295	0
4365717185	4365751153	4365809385	0	9	4294967295	4294967295	4294967295	4294967295	0
4366594962	4366630295	4366680805	0	9	4294967295	4294967295	4294967295	4294967295	0
4367474126	4367697299	4367697307	0	9	4294967295	4294967295	4294967295	4294967295	0
4368541136	4368576036	4368579375	0	9	4294967295	4294967295	4294967295	4294967295	0
4369419922	4369455337	4369508262	0	9	4294967295	4294967295	4294967295	4294967295	0
4370299160	4370335009	4370383194	0	9	4294967295	4294967295	4294967295	4294967295	0
4371178847	4371214628	4371259826	0	9	4294967295	4294967295	4294967295	4294967295	0
4372058439	4372095314	4372149827	0	9	4294967295	4294967295	4294967295	4294967295	0
4372939124	4372977131	4373024327	0	9	4294967295	4294967295	4294967295	4294967295	0
4373820945	4373859933	4373904324	0	9	4294967295	4294967295	4294967295	4294967295	0
4374703822	4374815804	4374817426	0	9	4294967295	4294967295	4294967295	4294967295	0
4375659632	4375698743	4375721910	0	9	4294967295	4294967295	4294967295	4294967295	0
4376542582	4376579308	4376633576	0	9	4294967295	4294967295	4294967295	4294967295	0
4377423127	4377459319	4377480092	0	9	4294967295	4294967295	4294967295	4294967295	0
4378303273	4378337730	4378352812	0	9	4294967295	4294967295	4294967295	4294967295	0
4379181608	4379218529	4379274391	0	9	4294967295	4294967295	4294967295	4294967295	0
4380062594	4380100460	4380149317	0	9	4294967295	4294967295	4294967295	4294967295	0
4380944273	4380981523	4381025116	0	9	4294967295	4294967295	4294967295	4294967295	0
4381825682	4381863715	4381921149	0	9	4294967295	4294967295	4294967295	4294967295	0
4382707537	4382750438	4382781505	0	9	4294967295	4294967295	4294967295	4294967295	0
4383594268	4383635124	4383681171	0	9	4294967295	4294967295	4294967295	4294967295	0
4384478955	4384515365	4384569833	0	9	4294967295	4294967295	4294967295	4294967295	0
4385359183	4385395549	4385442000	0	9	4294967295	4294967295	4294967295	4294967295	0
4386239866	4386276113	4386294194	0	9	4294967295	4294967295	4294967295	4294967295	0
4387119934	4387154546	4387197788	0	9	4294967295	4294967295	4294967295	4294967295	0
4387998356	4388034027	4388082374	0	9	4294967295	4294967295	4294967295	4294967295	0
4388878044	4388917989	4388940672	0	9	4294967295	4294967295	4294967295	4294967295	0
4389761799	4390063492	4390063567	0	9	4294967295	4294967295	4294967295	4294967295	0
4390907312	4390945617	4390991863	0	9	4294967295	4294967295	4294967295	4294967295	0
4391789447	4391831538	4391876037	0	9	4294967295	4294967295	4294967295	4294967295	0
4392675349	4392710392	4392767834	0	9	4294967295	4294967295	4294967295	4294967295	0
4393554212	4393589937	4393606297	0	9	4294967295	4294967295	4294967295	4294967295	0
4394433758	4394471247	4394522077	0	9	4294967295	4294967295	4294967295	4294967295	0
4395315070	4395352560	4395376756	0	9	4294967295	4294967295	4294967295	4294967295	0
4396196385	4396232450	4396282484	0	9	4294967295	4294967295	4294967295	4294967295	0
4397076276	4397272801	4397272883	0	9	4294967295	4294967295	4294967295	4294967295	0
4398116622	4398153019	4398206708	0	9	4294967295	4294967295	4294967295	4294967295	0
4398997026	4399035600	4399088865	0	9	4294967295	4294967295	4294967295	4294967295	0
4399879432	4399913658	4399951873	0	9	4294967295	4294967295	4294967295	4294967295	0
4400757479	4400794053	4400841931	0	9	4294967295	4294967295	4294967295	4294967295	0
4401637865	4401674718	4401729158	0	9	4294967295	4294967295	4294967295	4294967295	0
4402518539	4402555461	4402606951	0	9	4294967295	4294967295	4294967295	4294967295	0
4403399273	4403433578	4403478089	0	9	4294967295	4294967295	4294967295	4294967295	0
4404277428	4404405542	4404405571	0	9	4294967295	4294967295	4294967295	4294967295	0
4405249961	4405288435	4405308518	0	9	4294967295	4294967295	4294967295	4294967295	0
4406132252	4406170198	4406223296	0	9	4294967295	4294967295	4294967295	4294967295	0
4407014009	4407053425	4407102052	0	9	4294967295	4294967295	4294967295	4294967295	0
4407897275	4407932617	4407953370	0	9	4294967295	4294967295	4294967295	4294967295	0
4408776445	4408812690	4408867747	0	9	4294967295	4294967295	4294967295	4294967295	0
4409656502	4409693812	4409742557	0	9	4294967295	4294967295	4294967295	4294967295	0
4410537624	4410573917	4410626262	0	9	4294967295	4294967295	4294967295	4294967295	0
4411417723	4411457425	4411512773	0	9	4294967295	4294967295	4294967295	4294967295	0
4412301264	4412343254	4412393524	0	9	4294967295	4294967295	4294967295	4294967295	0
4413187080	4413226917	4413276202	0	9	4294967295	4294967295	4294967295	4294967295	0
4414070726	4414108307	4414157175	0	9	4294967295	4294967295	4294967295	4294967295	0
4414952120	4414988213	4415036622	0	9	4294967295	4294967295	4294967295	4294967295	0
4415832050	4415866752	4415885154	0	9	4294967295	4294967295	4294967295	4294967295	0
4416710877	4416745397	4416800016	0	9	4294967295	4294967295	4294967295	4294967295	0
4417589223	4417624893	4417675317	0	9	4294967295	4294967295	4294967295	4294967295	0
4418468709	4418504005	4418548562	0	9	4294967295	4294967295	4294967295	4294967295	0
4419347840	4419619947	4419620025	0	9	4294967295	4294967295	4294967295	4294967295	0
4420464090	4420498405	4420542497	0	9	4294967295	4294967295	4294967295	4294967295	0
4421342231	4421377806	4421396476	0	9	4294967295	4294967295	4294967295	4294967295	0
4422221637	4422258340	4422311001	0	9	4294967295	4294967295	4294967295	4294967295	0
4423102159	4423140522	4423183486	0	9	4294967295	4294967295	4294967295	4294967295	0
4423984350	4424024706	4424070679	0	9	4294967295	4294967295	4294967295	4294967295	0
4424868602	4424904555	4424960044	0	9	4294967295	4294967295	4294967295	4294967295	0
4425748372	4425783685	4425834539	0	9	4294967295	4294967295	4294967295	4294967295	0
4426627498	4426847183	4426847192	0	9	4294967295	4294967295	4294967295	4294967295	0
4427691000	4427725440	4427771924	0	9	4294967295	4294967295	4294967295	4294967295	0
4428569258	4428603386	4428628439	0	9	4294967295	4294967295	4294967295	4294967295	0
4429447212	4429484949	4429541932	0	9	4294967295	4294967295	4294967295	4294967295	0
4430328820	4430365262	4430421253	0	9	4294967295	4294967295	4294967295	4294967295	0
4431209073	4431243704	4431290857	0	9	4294967295	4294967295	4294967295	4294967295	0
4432087508	4432122387	4432175003	0	9	4294967295	4294967295	4294967295	4294967295	0
4432966205	4433001744	4433018046	0	9	4294967295	4294967295	4294967295	4294967295	0
4433845553	4433989228	4433989263	0	9	4294967295	4294967295	4294967295	4294967295	0
4434833058	4434869412	4434897530	0	9	4294967295	4294967295	4294967295	4294967295	0
4435713257	4435750086	4435803779	0	9	4294967295	4294967295	4294967295	4294967295	0
4436593916	4436631738	4436683582	0	9	4294967295	4294967295	4294967295	4294967295	0
4437475550	4437514183	4437539807	0	9	4294967295	4294967295	4294967295	4294967295	0
4438358008	4438393682	4438438453	0	9	4294967295	4294967295	4294967295	4294967295	0
4439237894	4439276178	4439327969	0	9	4294967295	4294967295	4294967295	4294967295	0
4440120314	4440158438	4440204356	0	9	4294967295	4294967295	4294967295	4294967295	0
4441002249	4441037296	4441075271	0	9	4294967295	4294967295	4294967295	4294967295	0
4441881126	4441930585	4441974650	0	9	4294967295	4294967295	4294967295	4294967295	0
4442774399	4442814675	4442830131	0	9	4294967295	4294967295	4294967295	4294967295	0
4443658489	4443698469	4443748668	0	9	4294967295	4294967295	4294967295	4294967295	0
4444542276	4444581103	4444621814	0	9	4294967295	4294967295	4294967295	4294967295	0
4445424943	4445461792	4445504254	0	9	4294967295	4294967295	4294967295	4294967295	0
4446305615	4446342454	4446369668	0	9	4294967295	4294967295	4294967295	4294967295	0
4447186276	4447225831	4447270621	0	9	4294967295	4294967295	4294967295	4294967295	0
4448069640	4448105258	4448158963	0	9	4294967295	4294967295	4294967295	4294967295	0
4448949063	4449269484	4449269525	0	9	4294967295	4294967295	4294967295	4294967295	0
4450113293	4450147687	4450198767	0	9	4294967295	4294967295	4294967295	4294967295	0
4450991490	4451027684	4451042125	0	9	4294967295	4294967295	4294967295	4294967295	0
4451871492	4451907004	4451960890	0	9	4294967295	4294967295	4294967295	4294967295	0
4452750811	4452788467	4452837163	0	9	4294967295	4294967295	4294967295	4294967295	0
4453632293	4453670599	4453717482	0	9	4294967295	4294967295	4294967295	4294967295	0
4454514409	4454549649	4454605948	0	9	4294967295	4294967295	4294967295	4294967295	0
4455393472	4455430608	4455475833	0	9	4294967295	4294967295	4294967295	4294967295	0
4456274442	4456323354	4456329166	0	9	4294967295	4294967295	4294967295	4294967295	0
4457167174	4457204956	4457258118	0	9	4294967295	4294967295	4294967295	4294967295	0
4458048872	4458087801	4458135167	0	9	4294967295	4294967295	4294967295	4294967295	0
4458931616	4458974392	4459013486	0	9	4294967295	4294967295	4294967295	4294967295	0
4459818206	4459854414	4459902759	0	9	4294967295	4294967295	4294967295	4294967295	0
4460698228	4460736431	4460780915	0	9	4294967295	4294967295	4294967295	4294967295	0
4461580254	4461618098	4461677051	0	9	4294967295	4294967295	4294967295	4294967295	0
4462461993	4462499534	4462545417	0	9	4294967295	4294967295	4294967295	4294967295	0
4463343369	4463452503	4463452514	0	9	4294967295	4294967295	4294967295	4294967295	0
4464296339	4464331625	4464384231	0	9	4294967295	4294967295	4294967295	4294967295	0
4465175458	4465210757	4465261438	0	9	4294967295	4294967295	4294967295	4294967295	0
4466054587	4466090024	4466138882	0	9	4294967295	4294967295	4294967295	4294967295	0
4466933851	4466973224	4467025694	0	9	4294967295	4294967295	4294967295	4294967295	0
4467817038	4467852153	4467906175	0	9	4294967295	4294967295	4294967295	4294967295	0
4468695968	4468732098	4468757233	0	9	4294967295	4294967295	4294967295	4294967295	0
4469576234	4469612106	4469633420	0	9	4294967295	4294967295	4294967295	4294967295	0
4470455936	4470493444	4470503865	0	9	4294967295	4294967295	4294967295	4294967295	0
4471337261	4471379876	4471423911	0	9	4294967295	4294967295	4294967295	4294967295	0
4472223747	4472261867	4472318607	0	9	4294967295	4294967295	4294967295	4294967295	0
4473105695	4473146152	4473189412	0	9	4294967295	4294967295	4294967295	4294967295	0
4473989985	4474031191	4474073431	0	9	4294967295	4294967295	4294967295	4294967295	0
4474875006	4474913440	4474948019	0	9	4294967295	4294967295	4294967295	4294967295	0
4475757288	4475790467	4475845619	0	9	4294967295	4294967295	4294967295	4294967295	0
4476634433	4476673360	4476689635	0	9	4294967295	4294967295	4294967295	4294967295	0
4477517175	4477554866	4477603281	0	9	4294967295	4294967295	4294967295	4294967295	0
4478398719	4478462934	4478484362	0	9	4294967295	4294967295	4294967295	4294967295	0
4479306805	4479396269	4479396315	0	9	4294967295	4294967295	4294967295	4294967295	0
4480240099	4480278787	4480325344	0	9	4294967295	4294967295	4294967295	4294967295	0
4481122604	4481157209	4481214116	0	9	4294967295	4294967295	4294967295	4294967295	0
4482001023	4482037682	4482039670	0	9	4294967295	4294967295	4294967295	4294967295	0
4482881699	4482921156	4482965561	0	9	4294967295	4294967295	4294967295	4294967295	0
4483764975	4483800364	4483847554	0	9	4294967295	4294967295	4294967295	4294967295	0
4484644221	4484678407	4484680654	0	9	4294967295	4294967295	4294967295	4294967295	0
4485522219	4485788359	4485788416	0	9	4294967295	4294967295	4294967295	4294967295	0
4486632186	4486665507	4486725116	0	9	4294967295	4294967295	4294967295	4294967295	0
4487509322	4487547345	4487600789	0	9	4294967295	4294967295	4294967295	4294967295	0
4488391152	4488426541	4488473367	0	9	4294967295	4294967295	4294967295	4294967295	0
4489270550	4489309529	4489365001	0	9	4294967295	4294967295	4294967295	4294967295	0
4490153339	4490189891	4490242454	0	9	4294967295	4294967295	4294967295	4294967295	0
4491033724	4491070129	4491117674	0	9	4294967295	4294967295	4294967295	4294967295	0
4491913946	4491948958	4491996582	0	9	4294967295	4294967295	4294967295	4294967295	0
4492792769	4492983511	4492983560	0	9	4294967295	4294967295	4294967295	4294967295	0
4493827319	4493863296	4493919588	0	9	4294967295	4294967295	4294967295	4294967295	0
4494707109	4494747495	4494786163	0	9	4294967295	4294967295	4294967295	4294967295	0
4495592246	4495629911	4495683385	0	9	4294967295	4294967295	4294967295	4294967295	0
4496473734	4496508251	4496554557	0	9	4294967295	4294967295	4294967295	4294967295	0
4497352067	4497387013	4497430679	0	9	4294967295	4294967295	4294967295	4294967295	0
4498231023	4498270294	4498289395	0	9	4294967295	4294967295	4294967295	4294967295	0
4499114173	4499150060	4499204390	0	9	4294967295	4294967295	4294967295	4294967295	0
4499993888	4500032021	4500078813	0	9	4294967295	4294967295	4294967295	4294967295	0
4500875832	4500921242	4500964620	0	9	4294967295	4294967295	4294967295	4294967295	0
4501765056	4501800714	4501852803	0	9	4294967295	4294967295	4294967295	4294967295	0
4502644528	4502682801	4502733221	0	9	4294967295	4294967295	4294967295	4294967295	0
4503526640	4503565370	4503579751	0	9	4294967295	4294967295	4294967295	4294967295	0
4504409182	4504444693	4504479279	0	9	4294967295	4294967295	4294967295	4294967295	0
4505288501	4505325376	4505374138	0	9	4294967295	4294967295	4294967295	4294967295	0
4506169213	4506204321	4506251260	0	9	4294967295	4294967295	4294967295	4294967295	0
4507048137	4507083149	4507110347	0	9	4294967295	4294967295	4294967295	4294967295	0
4507926952	4508266567	4508266618	0	9	4294967295	4294967295	4294967295	4294967295	0
4509110379	4509146725	4509149369	0	9	4294967295	4294967295	4294967295	4294967295	0
4509990535	4510026817	4510078101	0	9	4294967295	4294967295	4294967295	4294967295	0
4510870624	4510905076	4510934320	0	9	4294967295	4294967295	4294967295	4294967295	0
4511748970	4511789722	4511791227	0	9	4294967295	4294967295	4294967295	4294967295	0
4512633552	4512668045	4512719199	0	9	4294967295	4294967295	4294967295	4294967295	0
4513511870	4513553441	4513599827	0	9	4294967295	4294967295	4294967295	4294967295	0
4514397624	4514435373	4514436736	0	9	4294967295	4294967295	4294967295	4294967295	0
4515279242	4515425244	4515425252	0	9	4294967295	4294967295	4294967295	4294967295	0
4516269075	4516306457	4516363644	0	9	4294967295	4294967295	4294967295	4294967295	0
4517150357	4517192894	4517248274	0	9	4294967295	4294967295	4294967295	4294967295	0
4518036715	4518072589	4518121944	0	9	4294967295	4294967295	4294967295	4294967295	0
4518916513	4518953419	4519002934	0	9	4294967295	4294967295	4294967295	4294967295	0
4519797438	4519835722	4519889934	0	9	4294967295	4294967295	4294967295	4294967295	0
4520679557	4520717757	4520761847	0	9	4294967295	4294967295	4294967295	4294967295	0
4521561572	4521598345	4521646662	0	9	4294967295	4294967295	4294967295	4294967295	0
4522442240	4522638243	4522638250	0	9	4294967295	4294967295	4294967295	4294967295	0
4523482057	4523517532	4523563350	0	9	4294967295	4294967295	4294967295	4294967295	0
4524361389	4524399187	4524448843	0	9	4294967295	4294967295	4294967295	4294967295	0
4525243019	4525281954	4525339836	0	9	4294967295	4294967295	4294967295	4294967295	0
4526125772	4526163664	4526212596	0	9	4294967295	4294967295	4294967295	4294967295	0
4527007479	4527042655	4527089068	0	9	4294967295	4294967295	4294967295	4294967295	0
4527886480	4527920705	4527977830	0	9	4294967295	4294967295	4294967295	4294967295	0
4528764518	4528803389	4528854523	0	9	4294967295	4294967295	4294967295	4294967295	0
4529647201	4529684853	4529728920	0	9	4294967295	4294967295	4294967295	4294967295	0
4530528687	4530565917	4530577124	0	9	4294967295	4294967295	4294967295	4294967295	0
4531409734	4531450306	4531499939	0	9	4294967295	4294967295	4294967295	4294967295	0
4532294138	4532332674	4532381024	0	9	4294967295	4294967295	4294967295	4294967295	0
4533176488	4533214419	4533271173	0	9	4294967295	4294967295	4294967295	4294967295	0
4534058254	4534094684	4534117093	0	9	4294967295	4294967295	4294967295	4294967295	0
4534938487	4534976167	4535017801	0	9	4294967295	4294967295	4294967295	4294967295	0
4535820072	4535855325	4535889089	0	9	4294967295	4294967295	4294967295	4294967295	0
4536699156	4536735719	4536799084	0	9	4294967295	4294967295	4294967295	4294967295	0
4537579535	4537651874	4537663788	0	9	4294967295	4294967295	4294967295	4294967295	0
4538495679	4538530734	4538576848	0	9	4294967295	4294967295	4294967295	4294967295	0
4539374544	4539413690	4539459243	0	9	4294967295	4294967295	4294967295	4294967295	0
4540257512	4540291794	4540302831	0	9	4294967295	4294967295	4294967295	4294967295	0
4541135623	4541173551	4541218222	0	9	4294967295	4294967295	4294967295	4294967295	0
4542017356	4542055782	4542098618	0	9	4294967295	4294967295	4294967295	4294967295	0
4542899590	4542936870	4542954050	0	9	4294967295	4294967295	4294967295	4294967295	0
4543780683	4543818679	4543870136	0	9	4294967295	4294967295	4294967295	4294967295	0
4544662508	4544887573	4544887625	0	9	4294967295	4294967295	4294967295	4294967295	0
4545731391	4545770436	4545819936	0	9	4294967295	4294967295	4294967295	4294967295	0
4546614248	4546649964	4546699141	0	9	4294967295	4294967295	4294967295	4294967295	0
4547493781	4547532386	4547582978	0	9	4294967295	4294967295	4294967295	4294967295	0
4548376430	4548485365	4548485522	0	9	4294967295	4294967295	4294967295	4294967295	0
4549329188	4549367442	4549421820	0	9	4294967295	4294967295	4294967295	4294967295	0
4550211257	4550249156	4550304396	0	9	4294967295	4294967295	4294967295	4294967295	0
4551092983	4551129935	4551169442	0	9	4294967295	4294967295	4294967295	4294967295	0
4551973754	4552132299	4552132338	0	9	4294967295	4294967295	4294967295	4294967295	0
4552976132	4553015420	4553061282	0	9	4294967295	4294967295	4294967295	4294967295	0
4553859707	4553897155	4553922430	0	9	4294967295	4294967295	4294967295	4294967295	0
4554741011	4554778634	4554827046	0	9	4294967295	4294967295	4294967295	4294967295	0
4555622441	4555660946	4555703404	0	9	4294967295	4294967295	4294967295	4294967295	0
4556504748	4556538476	4556560476	0	9	4294967295	4294967295	4294967295	4294967295	0
4557382305	4557417446	4557472478	0	9	4294967295	4294967295	4294967295	4294967295	0
4558261266	4558296734	4558345607	0	9	4294967295	4294967295	4294967295	4294967295	0
4559140544	4559178605	4559230146	0	9	4294967295	4294967295	4294967295	4294967295	0
4560022412	4560061763	4560117544	0	9	4294967295	4294967295	4294967295	4294967295	0
4560905694	4560940810	4560981636	0	9	4294967295	4294967295	4294967295	4294967295	0
4561784624	4561823667	4561865917	0	9	4294967295	4294967295	4294967295	4294967295	0
4562667481	4562706237	4562758252	0	9	4294967295	4294967295	4294967295	4294967295	0
4563550043	4563588547	4563634334	0	9	4294967295	4294967295	4294967295	4294967295	0
4564432350	4564469352	4564526980	0	9	4294967295	4294967295	4294967295	4294967295	0
4565313184	4565352736	4565399814	0	9	4294967295	4294967295	4294967295	4294967295	0
4566197290	4566236412	4566283886	0	9	4294967295	4294967295	4294967295	4294967295	0
4567080224	4567292469	4567292518	0	9	4294967295	4294967295	4294967295	4294967295	0
4568136291	4568172479	4568225939	0	9	4294967295	4294967295	4294967295	4294967295	0
4569016338	4569050258	4569090258	0	9	4294967295	4294967295	4294967295	4294967295	0
4569894093	4569932024	4569977421	0	9	4294967295	4294967295	4294967295	4294967295	0
4570775848	4570815635	4570872362	0	9	4294967295	4294967295	4294967295	4294967295	0
4571659458	4571694469	4571726849	0	9	4294967295	4294967295	4294967295	4294967295	0
4572538743	4572576111	4572622821	0	9	4294967295	4294967295	4294967295	4294967295	0
4573419945	4573454646	4573510330	0	9	4294967295	4294967295	4294967295	4294967295	0
4574298462	4574543688	4574543699	0	9	4294967295	4294967295	4294967295	4294967295	0
4575387523	4575426277	4575473250	0	9	4294967295	4294967295	4294967295	4294967295	0
4576270093	4576309102	4576360241	0	9	4294967295	4294967295	4294967295	4294967295	0
4577152926	4577188419	4577240997	0	9	4294967295	4294967295	4294967295	4294967295	0
4578032252	4578068010	4578119443	0	9	4294967295	4294967295	4294967295	4294967295	0
4578911834	4578948233	4578998656	0	9	4294967295	4294967295	4294967295	4294967295	0
4579792054	4579828816	4579850761	0	9	4294967295	4294967295	4294967295	4294967295	0
4580672624	4580710370	4580764301	0	9	4294967295	4294967295	4294967295	4294967295	0
4581554199	4581670935	4581670939	0	9	4294967295	4294967295	4294967295	4294967295	0
4582514748	4582553044	4582598265	0	9	4294967295	4294967295	4294967295	4294967295	0
4583396865	4583434055	4583477295	0	9	4294967295	4294967295	4294967295	4294967295	0
4584277873	4584314750	4584367480	0	9	4294967295	4294967295	4294967295	4294967295	0
4585158581	4585198745	4585249874	0	9	4294967295	4294967295	4294967295	4294967295	0
4586042576	4586080083	4586096217	0	9	4294967295	4294967295	4294967295	4294967295	0
4586923900	4586960178	4587013015	0	9	4294967295	4294967295	4294967295	4294967295	0
4587804003	4587838652	4587876149	0	9	4294967295	4294967295	4294967295	4294967295	0
4588682463	4588719563	4588767690	0	9	4294967295	4294967295	4294967295	4294967295	0
4589563452	4589608174	4589630092	0	9	4294967295	4294967295	4294967295	4294967295	0
4590452011	4590490578	4590535912	0	9	4294967295	4294967295	4294967295	4294967295	0
4591334392	4591370367	4591385068	0	9	4294967295	4294967295	4294967295	4294967295	0
