# hakuX #462 signal timing: ST_Done_DOA_Read
freq_hz 3375000
quads 500
target_switch 1
readback 1
reps 300
semaphore_timeouts 0
notify_timeouts 300
busy_timeouts 0
submit(first_draw_to_kick) n=300 median=11045.037 p5=10050.963 p95=57612.148 min=9313.778 max=118929.778 us
kick_to_semaphore n=300 median=13794.963 p5=11.556 p95=17143.407 min=1.778 max=19630.815 us
kick_to_notify n=0
cpu_read_back_buffer n=300 median=23271.704 p5=22556.444 p95=25222.519 min=20623.704 max=30762.963 us
# raw, counter ticks unless named
start	kick	semaphore_seen	notify_seen	notify_slot	ntf0_ts_lo	ntf0_ts_hi	ntf1_ts_lo	ntf1_ts_hi	read_ticks
4594213457	4594475106	4594475131	0	9	4294967295	4294967295	4294967295	4294967295	80059
4595400101	4595469803	4595469840	0	9	4294967295	4294967295	4294967295	4294967295	103825
4596418078	4596451667	4596514591	0	9	4294967295	4294967295	4294967295	4294967295	90242
4597385828	4597420416	4597478275	0	9	4294967295	4294967295	4294967295	4294967295	80910
4598345399	4598383809	4598430887	0	9	4294967295	4294967295	4294967295	4294967295	79007
4599306947	4599341886	4599383953	0	9	4294967295	4294967295	4294967295	4294967295	79054
4600264795	4600303147	4600325027	0	9	4294967295	4294967295	4294967295	4294967295	84876
4601231867	4601274314	4601323417	0	9	4294967295	4294967295	4294967295	4294967295	77182
4602195345	4602253620	4602292940	0	9	4294967295	4294967295	4294967295	4294967295	80784
4603178326	4603217965	4603267986	0	9	4294967295	4294967295	4294967295	4294967295	80281
4604142077	4604178374	4604228119	0	9	4294967295	4294967295	4294967295	4294967295	79680
4605101958	4605138433	4605184991	0	9	4294967295	4294967295	4294967295	4294967295	79017
4606061294	4606101029	4606122611	0	9	4294967295	4294967295	4294967295	4294967295	81189
4607026068	4607064108	4607112965	0	9	4294967295	4294967295	4294967295	4294967295	79836
4607987783	4608028049	4608078151	0	9	4294967295	4294967295	4294967295	4294967295	78821
4608950706	4608987564	4608995223	0	9	4294967295	4294967295	4294967295	4294967295	77600
4609908996	4610106863	4610106887	0	9	4294967295	4294967295	4294967295	4294967295	80233
4611031081	4611069472	4611116874	0	9	4294967295	4294967295	4294967295	4294967295	79485
4611992809	4612032240	4612075930	0	9	4294967295	4294967295	4294967295	4294967295	78761
4612954831	4613013398	4613013426	0	9	4294967295	4294967295	4294967295	4294967295	81434
4613938685	4613973828	4614008030	0	9	4294967295	4294967295	4294967295	4294967295	79169
4614896846	4614935608	4614954695	0	9	4294967295	4294967295	4294967295	4294967295	79710
4615859170	4615898274	4615956738	0	9	4294967295	4294967295	4294967295	4294967295	79030
4616821139	4616857818	4616905558	0	9	4294967295	4294967295	4294967295	4294967295	78482
4617780841	4617916462	4617916489	0	9	4294967295	4294967295	4294967295	4294967295	78361
4618838678	4618876011	4618930319	0	9	4294967295	4294967295	4294967295	4294967295	78517
4619798381	4619836650	4619892442	0	9	4294967295	4294967295	4294967295	4294967295	78310
4620758815	4620796092	4620844841	0	9	4294967295	4294967295	4294967295	4294967295	79005
4621719171	4621757204	4621802090	0	9	4294967295	4294967295	4294967295	4294967295	80208
4622681253	4622717964	4622767571	0	9	4294967295	4294967295	4294967295	4294967295	85126
4623646948	4623684481	4623736863	0	9	4294967295	4294967295	4294967295	4294967295	86977
4624615326	4624654503	4624706122	0	9	4294967295	4294967295	4294967295	4294967295	78280
4625576613	4625614576	4625670115	0	9	4294967295	4294967295	4294967295	4294967295	77881
4626536469	4626571105	4626590892	0	9	4294967295	4294967295	4294967295	4294967295	80653
4627495642	4627532385	4627583897	0	9	4294967295	4294967295	4294967295	4294967295	79434
4628455665	4628493409	4628540330	0	9	4294967295	4294967295	4294967295	4294967295	78262
4629415498	4629453305	4629498358	0	9	4294967295	4294967295	4294967295	4294967295	79281
4630376432	4630413062	4630456108	0	9	4294967295	4294967295	4294967295	4294967295	81033
4631337937	4631375896	4631423858	0	9	4294967295	4294967295	4294967295	4294967295	78512
4632298247	4632334804	4632377702	0	9	4294967295	4294967295	4294967295	4294967295	82649
4633261296	4633294944	4633334875	0	9	4294967295	4294967295	4294967295	4294967295	78993
4634218044	4634513123	4634513173	0	9	4294967295	4294967295	4294967295	4294967295	81700
4635438677	4635474024	4635511449	0	9	4294967295	4294967295	4294967295	4294967295	80183
4636398039	4636435610	4636480859	0	9	4294967295	4294967295	4294967295	4294967295	78202
4637357658	4637394188	4637447645	0	9	4294967295	4294967295	4294967295	4294967295	80406
4638318421	4638358253	4638401433	0	9	4294967295	4294967295	4294967295	4294967295	76255
4639278351	4639313053	4639335400	0	9	4294967295	4294967295	4294967295	4294967295	80062
4640236965	4640274543	4640324826	0	9	4294967295	4294967295	4294967295	4294967295	78243
4641196635	4641235186	4641287653	0	9	4294967295	4294967295	4294967295	4294967295	69605
4642148643	4642347255	4642347310	0	9	4294967295	4294967295	4294967295	4294967295	78226
4643269327	4643307105	4643363753	0	9	4294967295	4294967295	4294967295	4294967295	79890
4644230837	4644270025	4644317327	0	9	4294967295	4294967295	4294967295	4294967295	77096
4645190975	4645226807	4645276568	0	9	4294967295	4294967295	4294967295	4294967295	78048
4646148706	4646187731	4646241971	0	9	4294967295	4294967295	4294967295	4294967295	78054
4647109616	4647150014	4647198628	0	9	4294967295	4294967295	4294967295	4294967295	83984
4648077854	4648115485	4648139425	0	9	4294967295	4294967295	4294967295	4294967295	79618
4649038938	4649077047	4649122157	0	9	4294967295	4294967295	4294967295	4294967295	78698
4649999572	4650102924	4650103129	0	9	4294967295	4294967295	4294967295	4294967295	78526
4651025273	4651062529	4651111780	0	9	4294967295	4294967295	4294967295	4294967295	77804
4651984187	4652021005	4652074417	0	9	4294967295	4294967295	4294967295	4294967295	79833
4652944672	4652980651	4653031728	0	9	4294967295	4294967295	4294967295	4294967295	79329
4653903809	4653940473	4653984511	0	9	4294967295	4294967295	4294967295	4294967295	77739
4654862099	4654899612	4654949485	0	9	4294967295	4294967295	4294967295	4294967295	80423
4655823875	4655860619	4655916151	0	9	4294967295	4294967295	4294967295	4294967295	77770
4656782221	4656819025	4656832351	0	9	4294967295	4294967295	4294967295	4294967295	80744
4657743867	4657779860	4657831577	0	9	4294967295	4294967295	4294967295	4294967295	81782
4658705498	4658746559	4658792475	0	9	4294967295	4294967295	4294967295	4294967295	76970
4659668337	4659704118	4659748796	0	9	4294967295	4294967295	4294967295	4294967295	75499
4660623642	4660659643	4660714830	0	9	4294967295	4294967295	4294967295	4294967295	78568
4661582070	4661618855	4661668698	0	9	4294967295	4294967295	4294967295	4294967295	76746
4662539446	4662574654	4662616530	0	9	4294967295	4294967295	4294967295	4294967295	79599
4663498087	4663535936	4663551921	0	9	4294967295	4294967295	4294967295	4294967295	77787
4664457567	4664494817	4664553356	0	9	4294967295	4294967295	4294967295	4294967295	77622
4665416266	4665453357	4665501371	0	9	4294967295	4294967295	4294967295	4294967295	80006
4666377266	4666447876	4666469418	0	9	4294967295	4294967295	4294967295	4294967295	77626
4667369389	4667402947	4667426930	0	9	4294967295	4294967295	4294967295	4294967295	91348
4668338127	4668372941	4668389459	0	9	4294967295	4294967295	4294967295	4294967295	78553
4669295391	4669333469	4669384308	0	9	4294967295	4294967295	4294967295	4294967295	84719
4670262044	4670298934	4670355161	0	9	4294967295	4294967295	4294967295	4294967295	79601
4671222377	4671258768	4671262691	0	9	4294967295	4294967295	4294967295	4294967295	80620
4672183215	4672216895	4672280792	0	9	4294967295	4294967295	4294967295	4294967295	77706
4673138458	4673176527	4673226719	0	9	4294967295	4294967295	4294967295	4294967295	76991
4674097359	4674149737	4674157312	0	9	4294967295	4294967295	4294967295	4294967295	77940
4675071538	4675108082	4675155835	0	9	4294967295	4294967295	4294967295	4294967295	78269
4676030391	4676068821	4676116723	0	9	4294967295	4294967295	4294967295	4294967295	77362
4676990056	4677023764	4677064303	0	9	4294967295	4294967295	4294967295	4294967295	78542
4677946154	4677985315	4678036716	0	9	4294967295	4294967295	4294967295	4294967295	79484
4678908634	4678945674	4678988436	0	9	4294967295	4294967295	4294967295	4294967295	77976
4679867479	4679905918	4679952672	0	9	4294967295	4294967295	4294967295	4294967295	76073
4680825818	4680860701	4680872260	0	9	4294967295	4294967295	4294967295	4294967295	81879
4681786431	4681934103	4681934166	0	9	4294967295	4294967295	4294967295	4294967295	81790
4682859737	4682897520	4682941972	0	9	4294967295	4294967295	4294967295	4294967295	81722
4683823265	4683859886	4683903887	0	9	4294967295	4294967295	4294967295	4294967295	71758
4684775477	4684810811	4684818345	0	9	4294967295	4294967295	4294967295	4294967295	79525
4685734171	4685770830	4685819240	0	9	4294967295	4294967295	4294967295	4294967295	78502
4686693162	4686730017	4686778034	0	9	4294967295	4294967295	4294967295	4294967295	76922
4687650781	4687685968	4687727979	0	9	4294967295	4294967295	4294967295	4294967295	79778
4688609571	4688647387	4688696660	0	9	4294967295	4294967295	4294967295	4294967295	79644
4689570877	4689609578	4689666237	0	9	4294967295	4294967295	4294967295	4294967295	80571
4690533994	4690574515	4690628866	0	9	4294967295	4294967295	4294967295	4294967295	79362
4691498969	4691535570	4691580800	0	9	4294967295	4294967295	4294967295	4294967295	77563
4692456983	4692492824	4692547635	0	9	4294967295	4294967295	4294967295	4294967295	79016
4693415684	4693450726	4693476560	0	9	4294967295	4294967295	4294967295	4294967295	77094
4694371651	4694408315	4694463140	0	9	4294967295	4294967295	4294967295	4294967295	80231
4695332392	4695370641	4695390026	0	9	4294967295	4294967295	4294967295	4294967295	79602
4696294088	4696331784	4696377252	0	9	4294967295	4294967295	4294967295	4294967295	82480
4697258111	4697291030	4697315431	0	9	4294967295	4294967295	4294967295	4294967295	86491
4698221363	4698622751	4698622766	0	9	4294967295	4294967295	4294967295	4294967295	79602
4699546195	4699583810	4699633674	0	9	4294967295	4294967295	4294967295	4294967295	75920
4700503565	4700540493	4700583800	0	9	4294967295	4294967295	4294967295	4294967295	81337
4701465706	4701833623	4701833662	0	9	4294967295	4294967295	4294967295	4294967295	77566
4702755028	4702790599	4702815390	0	9	4294967295	4294967295	4294967295	4294967295	83251
4703718084	4703756264	4703810053	0	9	4294967295	4294967295	4294967295	4294967295	77899
4704678003	4704714907	4704727481	0	9	4294967295	4294967295	4294967295	4294967295	88796
4705647545	4705682648	4705694670	0	9	4294967295	4294967295	4294967295	4294967295	80707
4706607238	4706846997	4706847007	0	9	4294967295	4294967295	4294967295	4294967295	76066
4707766920	4707804350	4707857813	0	9	4294967295	4294967295	4294967295	4294967295	79174
4708727357	4708766300	4708777429	0	9	4294967295	4294967295	4294967295	4294967295	76724
4709686860	4709725762	4709753141	0	9	4294967295	4294967295	4294967295	4294967295	80623
4710650231	4710688471	4710738392	0	9	4294967295	4294967295	4294967295	4294967295	78156
4711610466	4711649373	4711649401	0	9	4294967295	4294967295	4294967295	4294967295	79934
4712573138	4712610477	4712671433	0	9	4294967295	4294967295	4294967295	4294967295	77532
4713531854	4713568914	4713616119	0	9	4294967295	4294967295	4294967295	4294967295	79370
4714492131	4714649248	4714649335	0	9	4294967295	4294967295	4294967295	4294967295	78597
4715571687	4715610215	4715654266	0	9	4294967295	4294967295	4294967295	4294967295	79973
4716534021	4716572454	4716619612	0	9	4294967295	4294967295	4294967295	4294967295	82093
4717498375	4717536374	4717554475	0	9	4294967295	4294967295	4294967295	4294967295	78702
4718458917	4718497857	4718510278	0	9	4294967295	4294967295	4294967295	4294967295	96322
4719437998	4719472708	4719527936	0	9	4294967295	4294967295	4294967295	4294967295	79381
4720396242	4720435517	4720479464	0	9	4294967295	4294967295	4294967295	4294967295	78612
4721357967	4721396819	4721447211	0	9	4294967295	4294967295	4294967295	4294967295	86256
4722326934	4722361382	4722388395	0	9	4294967295	4294967295	4294967295	4294967295	79890
4723285150	4723324056	4723370520	0	9	4294967295	4294967295	4294967295	4294967295	80079
4724247966	4724284287	4724336034	0	9	4294967295	4294967295	4294967295	4294967295	78337
4725206448	4725243785	4725302455	0	9	4294967295	4294967295	4294967295	4294967295	78266
4726165891	4726204170	4726257937	0	9	4294967295	4294967295	4294967295	4294967295	82250
4727130279	4727164932	4727225939	0	9	4294967295	4294967295	4294967295	4294967295	79107
4728087886	4728125476	4728173553	0	9	4294967295	4294967295	4294967295	4294967295	79662
4729049281	4729086104	4729087594	0	9	4294967295	4294967295	4294967295	4294967295	79846
4730009804	4730048529	4730100947	0	9	4294967295	4294967295	4294967295	4294967295	79735
4730972110	4731037285	4731066649	0	9	4294967295	4294967295	4294967295	4294967295	76955
4731958101	4731995115	4732052848	0	9	4294967295	4294967295	4294967295	4294967295	77609
4732916565	4732952893	4733011635	0	9	4294967295	4294967295	4294967295	4294967295	78229
4733874943	4733912176	4733957840	0	9	4294967295	4294967295	4294967295	4294967295	76369
4734832398	4734867470	4734879311	0	9	4294967295	4294967295	4294967295	4294967295	77348
4735788658	4735827498	4735833540	0	9	4294967295	4294967295	4294967295	4294967295	79043
4736750439	4736787512	4736834913	0	9	4294967295	4294967295	4294967295	4294967295	77447
4737708788	4737747019	4737797238	0	9	4294967295	4294967295	4294967295	4294967295	77869
4738668709	4738852330	4738852374	0	9	4294967295	4294967295	4294967295	4294967295	76471
4739772788	4739810427	4739855584	0	9	4294967295	4294967295	4294967295	4294967295	77733
4740732006	4740768283	4740817070	0	9	4294967295	4294967295	4294967295	4294967295	78143
4741690262	4741727841	4741779830	0	9	4294967295	4294967295	4294967295	4294967295	77690
4742649393	4742683793	4742715432	0	9	4294967295	4294967295	4294967295	4294967295	77520
4743605160	4743643586	4743690094	0	9	4294967295	4294967295	4294967295	4294967295	78047
4744565468	4744603945	4744647216	0	9	4294967295	4294967295	4294967295	4294967295	78325
4745526118	4745564878	4745567878	0	9	4294967295	4294967295	4294967295	4294967295	79465
4746488300	4746679255	4746679273	0	9	4294967295	4294967295	4294967295	4294967295	78396
4747601500	4747639513	4747679676	0	9	4294967295	4294967295	4294967295	4294967295	79161
4748562510	4748599994	4748643560	0	9	4294967295	4294967295	4294967295	4294967295	79157
4749522978	4749558882	4749561816	0	9	4294967295	4294967295	4294967295	4294967295	79303
4750482091	4750522814	4750571523	0	9	4294967295	4294967295	4294967295	4294967295	79783
4751446436	4751483868	4751536573	0	9	4294967295	4294967295	4294967295	4294967295	78779
4752406609	4752443840	4752494422	0	9	4294967295	4294967295	4294967295	4294967295	78173
4753365843	4753403132	4753449478	0	9	4294967295	4294967295	4294967295	4294967295	76974
4754323952	4754363878	4754414016	0	9	4294967295	4294967295	4294967295	4294967295	78775
4755286500	4755327333	4755349700	0	9	4294967295	4294967295	4294967295	4294967295	77952
4756249124	4756286247	4756306972	0	9	4294967295	4294967295	4294967295	4294967295	78150
4757209104	4757243389	4757285875	0	9	4294967295	4294967295	4294967295	4294967295	78119
4758165337	4758202819	4758252601	0	9	4294967295	4294967295	4294967295	4294967295	83312
4759129970	4759164387	4759218633	0	9	4294967295	4294967295	4294967295	4294967295	78440
4760086991	4760125863	4760135974	0	9	4294967295	4294967295	4294967295	4294967295	80258
4761049954	4761086649	4761135274	0	9	4294967295	4294967295	4294967295	4294967295	77037
4762007546	4762045578	4762091220	0	9	4294967295	4294967295	4294967295	4294967295	77011
4762966424	4763214590	4763214596	0	9	4294967295	4294967295	4294967295	4294967295	87940
4764146377	4764184721	4764240349	0	9	4294967295	4294967295	4294967295	4294967295	77857
4765106425	4765144776	4765191405	0	9	4294967295	4294967295	4294967295	4294967295	77116
4766065713	4766102721	4766147315	0	9	4294967295	4294967295	4294967295	4294967295	83186
4767029769	4767063881	4767113483	0	9	4294967295	4294967295	4294967295	4294967295	78148
4767985874	4768031042	4768076873	0	9	4294967295	4294967295	4294967295	4294967295	76655
4768951540	4768988580	4769044783	0	9	4294967295	4294967295	4294967295	4294967295	77482
4769909947	4769945901	4769996767	0	9	4294967295	4294967295	4294967295	4294967295	75974
4770865728	4771065964	4771066024	0	9	4294967295	4294967295	4294967295	4294967295	78270
4771988444	4772027021	4772079713	0	9	4294967295	4294967295	4294967295	4294967295	79096
4772949953	4772986274	4773041224	0	9	4294967295	4294967295	4294967295	4294967295	79932
4773910034	4773946285	4773969354	0	9	4294967295	4294967295	4294967295	4294967295	78894
4774869021	4774906082	4774928402	0	9	4294967295	4294967295	4294967295	4294967295	86386
4775836313	4775871959	4775918833	0	9	4294967295	4294967295	4294967295	4294967295	77517
4776793810	4776832410	4776843012	0	9	4294967295	4294967295	4294967295	4294967295	78504
4777754748	4777793449	4777844672	0	9	4294967295	4294967295	4294967295	4294967295	78845
4778716123	4778860426	4778860476	0	9	4294967295	4294967295	4294967295	4294967295	79648
4779783935	4779816731	4779843075	0	9	4294967295	4294967295	4294967295	4294967295	76635
4780737210	4780774287	4780822215	0	9	4294967295	4294967295	4294967295	4294967295	77892
4781696070	4781732056	4781736771	0	9	4294967295	4294967295	4294967295	4294967295	77692
4782653581	4782690027	4782749165	0	9	4294967295	4294967295	4294967295	4294967295	76572
4783610448	4783646977	4783695293	0	9	4294967295	4294967295	4294967295	4294967295	78158
4784569585	4784605528	4784656601	0	9	4294967295	4294967295	4294967295	4294967295	77759
4785527122	4785564262	4785622270	0	9	4294967295	4294967295	4294967295	4294967295	77672
4786485772	4786521906	4786570988	0	9	4294967295	4294967295	4294967295	4294967295	77287
4787443036	4787486596	4787529061	0	9	4294967295	4294967295	4294967295	4294967295	77897
4788408335	4788444038	4788491027	0	9	4294967295	4294967295	4294967295	4294967295	80997
4789368873	4789404359	4789461988	0	9	4294967295	4294967295	4294967295	4294967295	79466
4790327642	4790365659	4790419612	0	9	4294967295	4294967295	4294967295	4294967295	87223
4791296747	4791337307	4791390057	0	9	4294967295	4294967295	4294967295	4294967295	77439
4792258578	4792293517	4792316739	0	9	4294967295	4294967295	4294967295	4294967295	78839
4793216204	4793253834	4793301387	0	9	4294967295	4294967295	4294967295	4294967295	80115
4794177780	4794216835	4794224549	0	9	4294967295	4294967295	4294967295	4294967295	75138
4795135812	4795425383	4795425444	0	9	4294967295	4294967295	4294967295	4294967295	75923
4796345142	4796379178	4796400866	0	9	4294967295	4294967295	4294967295	4294967295	79096
4797302172	4797336475	4797402729	0	9	4294967295	4294967295	4294967295	4294967295	78328
4798258638	4798296197	4798349612	0	9	4294967295	4294967295	4294967295	4294967295	77419
4799217555	4799254019	4799301859	0	9	4294967295	4294967295	4294967295	4294967295	75650
4800173934	4800214588	4800265331	0	9	4294967295	4294967295	4294967295	4294967295	77187
4801135615	4801173028	4801196002	0	9	4294967295	4294967295	4294967295	4294967295	77539
4802094407	4802135092	4802186635	0	9	4294967295	4294967295	4294967295	4294967295	78779
4803057696	4803280420	4803280444	0	9	4294967295	4294967295	4294967295	4294967295	77958
4804202229	4804235471	4804270878	0	9	4294967295	4294967295	4294967295	4294967295	78333
4805157729	4805194439	4805245120	0	9	4294967295	4294967295	4294967295	4294967295	78761
4806117044	4806154056	4806198810	0	9	4294967295	4294967295	4294967295	4294967295	77310
4807075193	4807110566	4807166299	0	9	4294967295	4294967295	4294967295	4294967295	78303
4808032707	4808066842	4808115413	0	9	4294967295	4294967295	4294967295	4294967295	80901
4808991564	4809025643	4809050833	0	9	4294967295	4294967295	4294967295	4294967295	80058
4809949609	4809982919	4810007932	0	9	4294967295	4294967295	4294967295	4294967295	80023
4810906780	4811087325	4811087475	0	9	4294967295	4294967295	4294967295	4294967295	79878
4812011028	4812047183	4812095017	0	9	4294967295	4294967295	4294967295	4294967295	90484
4812981550	4813015061	4813044728	0	9	4294967295	4294967295	4294967295	4294967295	77220
4813936113	4813972858	4814032664	0	9	4294967295	4294967295	4294967295	4294967295	76598
4814893287	4814931066	4814992050	0	9	4294967295	4294967295	4294967295	4294967295	79433
4815854329	4815893806	4815940666	0	9	4294967295	4294967295	4294967295	4294967295	78672
4816816307	4816852530	4816907796	0	9	4294967295	4294967295	4294967295	4294967295	78252
4817774637	4817812379	4817832517	0	9	4294967295	4294967295	4294967295	4294967295	78991
4818735201	4818773689	4818833373	0	9	4294967295	4294967295	4294967295	4294967295	78026
4819695570	4819742084	4819758468	0	9	4294967295	4294967295	4294967295	4294967295	80925
4820666870	4820700990	4820739070	0	9	4294967295	4294967295	4294967295	4294967295	81172
4821626013	4821662708	4821705794	0	9	4294967295	4294967295	4294967295	4294967295	80450
4822586982	4822623036	4822672284	0	9	4294967295	4294967295	4294967295	4294967295	79983
4823547847	4823581769	4823617702	0	9	4294967295	4294967295	4294967295	4294967295	81036
4824506880	4824543077	4824587205	0	9	4294967295	4294967295	4294967295	4294967295	77399
4825464333	4825497506	4825522950	0	9	4294967295	4294967295	4294967295	4294967295	79610
4826421038	4826459484	4826507859	0	9	4294967295	4294967295	4294967295	4294967295	84424
4827388022	4827622316	4827622350	0	9	4294967295	4294967295	4294967295	4294967295	77608
4828543752	4828578516	4828625039	0	9	4294967295	4294967295	4294967295	4294967295	77293
4829499699	4829536175	4829589568	0	9	4294967295	4294967295	4294967295	4294967295	78942
4830459525	4830497510	4830553903	0	9	4294967295	4294967295	4294967295	4294967295	81165
4831422512	4831456923	4831514756	0	9	4294967295	4294967295	4294967295	4294967295	85594
4832386498	4832429658	4832459739	0	9	4294967295	4294967295	4294967295	4294967295	86217
4833359701	4833391135	4833438219	0	9	4294967295	4294967295	4294967295	4294967295	77994
4834312972	4834349026	4834396845	0	9	4294967295	4294967295	4294967295	4294967295	76434
4835269316	4835468797	4835468851	0	9	4294967295	4294967295	4294967295	4294967295	77859
4836390512	4836432914	4836484253	0	9	4294967295	4294967295	4294967295	4294967295	74362
4837351122	4837383410	4837413780	0	9	4294967295	4294967295	4294967295	4294967295	81097
4838308376	4838345517	4838394025	0	9	4294967295	4294967295	4294967295	4294967295	79641
4839269016	4839307124	4839359937	0	9	4294967295	4294967295	4294967295	4294967295	77881
4840228854	4840265225	4840317669	0	9	4294967295	4294967295	4294967295	4294967295	78475
4841187533	4841224353	4841245011	0	9	4294967295	4294967295	4294967295	4294967295	76128
4842144324	4842179660	4842225874	0	9	4294967295	4294967295	4294967295	4294967295	77834
4843101340	4843263303	4843263697	0	9	4294967295	4294967295	4294967295	4294967295	75253
4844182406	4844220510	4844229552	0	9	4294967295	4294967295	4294967295	4294967295	76168
4845140970	4845177365	4845186705	0	9	4294967295	4294967295	4294967295	4294967295	75782
4846096995	4846133576	4846181244	0	9	4294967295	4294967295	4294967295	4294967295	76735
4847054164	4847092768	4847143079	0	9	4294967295	4294967295	4294967295	4294967295	77543
4848014158	4848050866	4848102819	0	9	4294967295	4294967295	4294967295	4294967295	79689
4848974411	4849011075	4849069405	0	9	4294967295	4294967295	4294967295	4294967295	75975
4849930884	4849967428	4850009781	0	9	4294967295	4294967295	4294967295	4294967295	84867
4850896137	4850930726	4850961550	0	9	4294967295	4294967295	4294967295	4294967295	77194
4851851774	4852046215	4852046246	0	9	4294967295	4294967295	4294967295	4294967295	77093
4852967160	4853005168	4853051467	0	9	4294967295	4294967295	4294967295	4294967295	77101
4853926116	4853961051	4854009212	0	9	4294967295	4294967295	4294967295	4294967295	76693
4854881627	4854914234	4854916832	0	9	4294967295	4294967295	4294967295	4294967295	76678
4855834766	4855872010	4855928596	0	9	4294967295	4294967295	4294967295	4294967295	79158
4856795017	4856832740	4856880166	0	9	4294967295	4294967295	4294967295	4294967295	76703
4857753277	4857789183	4857834032	0	9	4294967295	4294967295	4294967295	4294967295	77739
4858710758	4858746548	4858795623	0	9	4294967295	4294967295	4294967295	4294967295	78351
4859668755	4859995403	4859995480	0	9	4294967295	4294967295	4294967295	4294967295	76186
4860916550	4860952994	4861010228	0	9	4294967295	4294967295	4294967295	4294967295	79470
4861876295	4861913567	4861965154	0	9	4294967295	4294967295	4294967295	4294967295	77586
4862834971	4862877153	4862917529	0	9	4294967295	4294967295	4294967295	4294967295	77647
4863798634	4863836657	4863883874	0	9	4294967295	4294967295	4294967295	4294967295	76957
4864757443	4864791125	4864815359	0	9	4294967295	4294967295	4294967295	4294967295	79273
4865714508	4865750782	4865806895	0	9	4294967295	4294967295	4294967295	4294967295	77645
4866672257	4866710641	4866757214	0	9	4294967295	4294967295	4294967295	4294967295	77713
4867632201	4867866181	4867866190	0	9	4294967295	4294967295	4294967295	4294967295	78629
4868788658	4868825723	4868868950	0	9	4294967295	4294967295	4294967295	4294967295	77671
4869747485	4869786227	4869828705	0	9	4294967295	4294967295	4294967295	4294967295	78059
4870708129	4870744995	4870794294	0	9	4294967295	4294967295	4294967295	4294967295	88519
4871677365	4871713077	4871760449	0	9	4294967295	4294967295	4294967295	4294967295	77636
4872634551	4872668757	4872690513	0	9	4294967295	4294967295	4294967295	4294967295	77984
4873590642	4873625511	4873673745	0	9	4294967295	4294967295	4294967295	4294967295	77998
4874547352	4874583328	4874628742	0	9	4294967295	4294967295	4294967295	4294967295	77941
4875505102	4875644354	4875644365	0	9	4294967295	4294967295	4294967295	4294967295	79117
4876567327	4876604256	4876628712	0	9	4294967295	4294967295	4294967295	4294967295	79410
4877527495	4877563579	4877612752	0	9	4294967295	4294967295	4294967295	4294967295	77016
4878484595	4878519091	4878563748	0	9	4294967295	4294967295	4294967295	4294967295	77928
4879440853	4879479395	4879536302	0	9	4294967295	4294967295	4294967295	4294967295	78819
4880403773	4880440864	4880451656	0	9	4294967295	4294967295	4294967295	4294967295	77433
4881362139	4881397978	4881435831	0	9	4294967295	4294967295	4294967295	4294967295	79830
4882321641	4882358755	4882406586	0	9	4294967295	4294967295	4294967295	4294967295	77066
4883279646	4883316895	4883368041	0	9	4294967295	4294967295	4294967295	4294967295	81753
4884242520	4884343688	4884343745	0	9	4294967295	4294967295	4294967295	4294967295	75740
4885263272	4885302648	4885354648	0	9	4294967295	4294967295	4294967295	4294967295	77639
4886224419	4886263086	4886311847	0	9	4294967295	4294967295	4294967295	4294967295	77400
