# hakuX #462 signal timing: ST_Flip
freq_hz 3375000
reps 300
start_timeouts 0
count_timeouts 0
queue_timeouts 0
request_to_pcrtc_start n=300 median=24118.519 p5=22905.185 p95=24549.630 min=15469.630 max=25279.111 us
request_to_vbl_count n=300 median=32360.296 p5=31221.333 p95=32789.630 min=29440.889 max=33021.630 us
pcrtc_start_to_vbl_count n=300 median=8252.148 p5=7935.704 p95=8505.481 min=7355.852 max=14028.741 us
# raw, counter ticks unless named
request	start_seen	count_seen	vbl_at_request	vbl_after	start_before	start_after
5144173102	5144225312	5144272659	15001	15003	60276736	50446336
5144322090	5144393873	5144422215	15004	15006	50446336	55361536
5144480578	5144562857	5144590992	15007	15009	55361536	60276736
5144649467	5144731981	5144759924	15010	15012	60276736	50446336
5144818849	5144900973	5144928824	15013	15015	50446336	55361536
5144987641	5145070240	5145098001	15016	15018	55361536	60276736
5145157224	5145239358	5145266975	15019	15021	60276736	50446336
5145325606	5145408405	5145436261	15022	15024	50446336	55361536
5145495563	5145577032	5145604944	15025	15027	55361536	60276736
5145667049	5145745881	5145773797	15028	15030	60276736	50446336
5145833412	5145914957	5145942776	15031	15033	50446336	55361536
5146002134	5146083827	5146111997	15034	15036	55361536	60276736
5146178312	5146252204	5146283072	15037	15039	60276736	50446336
5146337962	5146421231	5146449148	15040	15042	50446336	55361536
5146507106	5146589943	5146618050	15043	15045	55361536	60276736
5146676362	5146758776	5146787796	15046	15048	60276736	50446336
5146849071	5146928168	5146956314	15049	15051	50446336	55361536
5147019956	5147097261	5147125104	15052	15054	55361536	60276736
5147187209	5147265576	5147293767	15055	15057	60276736	50446336
5147355298	5147434831	5147462608	15058	15060	50446336	55361536
5147523510	5147604224	5147631744	15061	15063	55361536	60276736
5147693260	5147773068	5147801340	15064	15066	60276736	50446336
5147861344	5147942152	5147969596	15067	15069	50446336	55361536
5148030756	5148110796	5148138818	15070	15072	55361536	60276736
5148199383	5148279572	5148307602	15073	15075	60276736	50446336
5148368566	5148448790	5148476478	15076	15078	50446336	55361536
5148536040	5148617212	5148645360	15079	15081	55361536	60276736
5148706198	5148787683	5148814608	15082	15084	60276736	50446336
5148873756	5148955411	5148983287	15085	15087	50446336	55361536
5149043849	5149124722	5149152228	15088	15090	55361536	60276736
5149212366	5149293831	5149321361	15091	15093	60276736	50446336
5149383704	5149462880	5149490484	15094	15096	50446336	55361536
5149549075	5149631162	5149659001	15097	15099	55361536	60276736
5149718504	5149800293	5149828852	15100	15102	60276736	50446336
5149886959	5149969156	5149997023	15103	15105	50446336	55361536
5150056646	5150138075	5150166111	15106	15108	55361536	60276736
5150225539	5150306515	5150334705	15109	15111	60276736	50446336
5150394212	5150475295	5150503553	15112	15114	50446336	55361536
5150563014	5150644071	5150672197	15115	15117	55361536	60276736
5150731691	5150814044	5150841168	15118	15120	60276736	50446336
5150900628	5150981898	5151009970	15121	15123	50446336	55361536
5151068942	5151150774	5151178928	15124	15126	55361536	60276736
5151238630	5151320431	5151348736	15127	15129	60276736	50446336
5151410571	5151490182	5151517119	15130	15132	50446336	55361536
5151577377	5151658777	5151686255	15133	15135	55361536	60276736
5151744851	5151827241	5151854934	15136	15138	60276736	50446336
5151913929	5151996166	5152024099	15139	15141	50446336	55361536
5152082454	5152165020	5152192780	15142	15144	55361536	60276736
5152254335	5152334273	5152361778	15145	15147	60276736	50446336
5152422650	5152502797	5152530559	15148	15150	50446336	55361536
5152590109	5152671880	5152700080	15151	15153	55361536	60276736
5152759697	5152840527	5152868701	15154	15156	60276736	50446336
5152927895	5153009562	5153037730	15157	15159	50446336	55361536
5153097531	5153180386	5153207350	15160	15162	55361536	60276736
5153270381	5153347856	5153375891	15163	15165	60276736	50446336
5153434927	5153515747	5153543940	15166	15168	50446336	55361536
5153605068	5153684660	5153712957	15169	15171	55361536	60276736
5153771490	5153854088	5153882155	15172	15174	60276736	50446336
5153942250	5154024411	5154051584	15175	15177	50446336	55361536
5154112199	5154192185	5154219761	15178	15180	55361536	60276736
5154281605	5154361364	5154388911	15181	15183	60276736	50446336
5154448394	5154529928	5154557662	15184	15186	50446336	55361536
5154623656	5154698420	5154726340	15187	15189	55361536	60276736
5154785163	5154867213	5154895208	15190	15192	60276736	50446336
5154953456	5155036035	5155064194	15193	15195	50446336	55361536
5155123568	5155205274	5155233556	15196	15198	55361536	60276736
5155294274	5155374745	5155402277	15199	15201	60276736	50446336
5155461760	5155543498	5155572221	15202	15204	50446336	55361536
5155631262	5155712512	5155740393	15205	15207	55361536	60276736
5155813563	5155880737	5155913103	15208	15210	60276736	50446336
5155967777	5156049619	5156077826	15211	15213	50446336	55361536
5156136435	5156218996	5156247093	15214	15216	55361536	60276736
5156306980	5156387977	5156415987	15217	15219	60276736	50446336
5156478727	5156557205	5156584737	15220	15222	50446336	55361536
5156645686	5156725746	5156754232	15223	15225	55361536	60276736
5156816828	5156895036	5156922652	15226	15228	60276736	50446336
5156986841	5157063796	5157092213	15229	15231	50446336	55361536
5157152869	5157232828	5157260231	15232	15234	55361536	60276736
5157323580	5157402448	5157429436	15235	15237	60276736	50446336
5157492738	5157572091	5157598415	15238	15240	50446336	55361536
5157660803	5157739980	5157767124	15241	15243	55361536	60276736
5157827549	5157908348	5157936765	15244	15246	60276736	50446336
5158000512	5158077423	5158105498	15247	15249	50446336	55361536
5158165282	5158247330	5158274113	15250	15252	55361536	60276736
5158337202	5158415390	5158443513	15253	15255	60276736	50446336
5158502698	5158584425	5158612662	15256	15258	50446336	55361536
5158672271	5158753778	5158780502	15259	15261	55361536	60276736
5158840198	5158921504	5158949563	15262	15264	60276736	50446336
5159015190	5159090217	5159118363	15265	15267	50446336	55361536
5159176605	5159259259	5159287345	15268	15270	55361536	60276736
5159346410	5159429019	5159456419	15271	15273	60276736	50446336
5159515853	5159598413	5159626202	15274	15276	50446336	55361536
5159685354	5159766546	5159794548	15277	15279	55361536	60276736
5159853256	5159937841	5159963585	15280	15282	60276736	50446336
5160021948	5160104601	5160132418	15283	15285	50446336	55361536
5160190877	5160274069	5160301554	15286	15288	55361536	60276736
5160360533	5160442304	5160470077	15289	15291	60276736	50446336
5160532121	5160611861	5160638914	15292	15294	50446336	55361536
5160697750	5160780229	5160807651	15295	15297	55361536	60276736
5160870593	5160948338	5160976655	15298	15300	60276736	50446336
5161036622	5161117295	5161145341	15301	15303	50446336	55361536
5161205773	5161286272	5161314614	15304	15306	55361536	60276736
5161374866	5161455545	5161483504	15307	15309	60276736	50446336
5161543870	5161625389	5161652461	15310	15312	50446336	55361536
5161712820	5161793678	5161821360	15313	15315	55361536	60276736
5161882288	5161962606	5161990589	15316	15318	60276736	50446336
5162049019	5162131425	5162159225	15319	15321	50446336	55361536
5162219576	5162300831	5162328139	15322	15324	55361536	60276736
5162388234	5162469394	5162497063	15325	15327	60276736	50446336
5162556772	5162638614	5162666149	15328	15330	50446336	55361536
5162725102	5162807168	5162834997	15331	15333	55361536	60276736
5162896155	5162975423	5163003556	15334	15336	60276736	50446336
5163062985	5163144625	5163172533	15337	15339	50446336	55361536
5163232973	5163313776	5163342482	15340	15342	55361536	60276736
5163401814	5163482971	5163510709	15343	15345	60276736	50446336
5163569943	5163651796	5163680182	15346	15348	50446336	55361536
5163738149	5163821071	5163848386	15349	15351	55361536	60276736
5163907853	5163990323	5164017720	15352	15354	60276736	50446336
5164076890	5164158153	5164186014	15355	15357	50446336	55361536
5164246728	5164326818	5164354932	15358	15360	55361536	60276736
5164414105	5164495760	5164523917	15361	15363	60276736	50446336
5164582728	5164665495	5164693296	15364	15366	50446336	55361536
5164753748	5164834086	5164861957	15367	15369	55361536	60276736
5164922985	5165003337	5165031082	15370	15372	60276736	50446336
5165089396	5165173124	5165199935	15373	15375	50446336	55361536
5165258547	5165340907	5165368757	15376	15378	55361536	60276736
5165428703	5165510096	5165537919	15379	15381	60276736	50446336
5165599481	5165678808	5165706641	15382	15384	50446336	55361536
5165765301	5165847077	5165875243	15385	15387	55361536	60276736
5165934390	5166016093	5166044140	15388	15390	60276736	50446336
5166103857	5166185865	5166213775	15391	15393	50446336	55361536
5166272688	5166354913	5166382629	15394	15396	55361536	60276736
5166442309	5166523595	5166551831	15397	15399	60276736	50446336
5166610048	5166695365	5166720191	15400	15402	50446336	55361536
5166780647	5166861569	5166890562	15403	15405	55361536	60276736
5166948056	5167030253	5167058145	15406	15408	60276736	50446336
5167119612	5167198506	5167226610	15409	15411	50446336	55361536
5167288252	5167367452	5167395538	15412	15414	55361536	60276736
5167456238	5167536355	5167564444	15415	15417	60276736	50446336
5167623604	5167706158	5167733656	15418	15420	50446336	55361536
5167794496	5167875216	5167902606	15421	15423	55361536	60276736
5167962302	5168043639	5168071563	15424	15426	60276736	50446336
5168131599	5168212839	5168240718	15427	15429	50446336	55361536
5168299296	5168381419	5168409413	15430	15432	55361536	60276736
5168470495	5168551304	5168578557	15433	15435	60276736	50446336
5168637007	5168719469	5168747251	15436	15438	50446336	55361536
5168807245	5168888767	5168916199	15439	15441	55361536	60276736
5168974435	5169058174	5169085175	15442	15444	60276736	50446336
5169144922	5169226555	5169254028	15445	15447	50446336	55361536
5169313519	5169395164	5169422964	15448	15450	55361536	60276736
5169482970	5169564600	5169591981	15451	15453	60276736	50446336
5169650921	5169733082	5169761046	15454	15456	50446336	55361536
5169820270	5169902325	5169930475	15457	15459	55361536	60276736
5169988507	5170071131	5170098819	15460	15462	60276736	50446336
5170158524	5170239860	5170268092	15463	15465	50446336	55361536
5170326770	5170408614	5170436313	15466	15468	55361536	60276736
5170496306	5170578554	5170605953	15469	15471	60276736	50446336
5170664819	5170746616	5170774020	15472	15474	50446336	55361536
5170833128	5170915835	5170943215	15475	15477	55361536	60276736
5171002164	5171084322	5171112688	15478	15480	60276736	50446336
5171173355	5171253155	5171280772	15481	15483	50446336	55361536
5171339557	5171421630	5171449717	15484	15486	55361536	60276736
5171510749	5171591312	5171618886	15487	15489	60276736	50446336
5171677366	5171762586	5171787768	15490	15492	50446336	55361536
5171846567	5171928983	5171956732	15493	15495	55361536	60276736
5172016050	5172100481	5172126068	15496	15498	60276736	50446336
5172185624	5172266826	5172294674	15499	15501	50446336	55361536
5172353508	5172437946	5172464036	15502	15504	55361536	60276736
5172523515	5172603960	5172632129	15505	15507	60276736	50446336
5172694847	5172772909	5172801035	15508	15510	50446336	55361536
5172861156	5172943795	5172970245	15511	15513	55361536	60276736
5173030865	5173112608	5173139485	15514	15516	60276736	50446336
5173198247	5173280976	5173308382	15517	15519	50446336	55361536
5173366927	5173450123	5173476825	15520	15522	55361536	60276736
5173536263	5173617554	5173645654	15523	15525	60276736	50446336
5173704739	5173786553	5173814740	15526	15528	50446336	55361536
5173874991	5173956248	5173983634	15529	15531	55361536	60276736
5174044349	5174125276	5174152614	15532	15534	60276736	50446336
5174212242	5174293904	5174321715	15535	15537	50446336	55361536
5174382152	5174463715	5174490619	15538	15540	55361536	60276736
5174551331	5174631964	5174659615	15541	15543	60276736	50446336
5174719550	5174801198	5174828890	15544	15546	50446336	55361536
5174887795	5174969523	5174997308	15547	15549	55361536	60276736
5175057726	5175139025	5175168609	15550	15552	60276736	50446336
5175224942	5175307695	5175335180	15553	15555	50446336	55361536
5175395522	5175475794	5175503845	15556	15558	55361536	60276736
5175563837	5175644824	5175672941	15559	15561	60276736	50446336
5175731552	5175814134	5175842116	15562	15564	50446336	55361536
5175900975	5175983143	5176010956	15565	15567	55361536	60276736
5176071068	5176152107	5176179969	15568	15570	60276736	50446336
5176239491	5176321346	5176348928	15571	15573	50446336	55361536
5176408535	5176490147	5176518320	15574	15576	55361536	60276736
5176577482	5176659213	5176686524	15577	15579	60276736	50446336
5176745247	5176828044	5176856322	15580	15582	50446336	55361536
5176914366	5176996870	5177024364	15583	15585	55361536	60276736
5177085061	5177166274	5177193881	15586	15588	60276736	50446336
5177252363	5177334895	5177362079	15589	15591	50446336	55361536
5177421628	5177503963	5177531173	15592	15594	55361536	60276736
5177590814	5177672547	5177700183	15595	15597	60276736	50446336
5177762687	5177841638	5177869433	15598	15600	50446336	55361536
5177927746	5178009511	5178037702	15601	15603	55361536	60276736
5178096828	5178178673	5178206851	15604	15606	60276736	50446336
5178267214	5178347378	5178375783	15607	15609	50446336	55361536
5178434073	5178516328	5178544458	15610	15612	55361536	60276736
5178604465	5178686003	5178713860	15613	15615	60276736	50446336
5178774568	5178854987	5178882615	15616	15618	50446336	55361536
5178942007	5179024091	5179051582	15619	15621	55361536	60276736
5179111099	5179192819	5179220512	15622	15624	60276736	50446336
5179283143	5179361611	5179389805	15625	15627	50446336	55361536
5179448694	5179530648	5179558236	15628	15630	55361536	60276736
5179622997	5179698945	5179726938	15631	15633	60276736	50446336
5179787080	5179867933	5179895961	15634	15636	50446336	55361536
5179955173	5180037034	5180065104	15637	15639	55361536	60276736
5180123639	5180207465	5180233875	15640	15642	60276736	50446336
5180296739	5180375874	5180402757	15643	15645	50446336	55361536
5180463810	5180544241	5180571754	15646	15648	55361536	60276736
5180634619	5180713743	5180740797	15649	15651	60276736	50446336
5180801899	5180881904	5180909610	15652	15654	50446336	55361536
5180972040	5181051043	5181078493	15655	15657	55361536	60276736
5181139146	5181219107	5181247215	15658	15660	60276736	50446336
5181318474	5181388020	5181419075	15661	15663	50446336	55361536
5181475666	5181557027	5181585059	15664	15666	55361536	60276736
5181645953	5181725973	5181754124	15667	15669	60276736	50446336
5181812085	5181894769	5181923533	15670	15672	50446336	55361536
5181983373	5182065058	5182092446	15673	15675	55361536	60276736
5182150254	5182233200	5182261118	15676	15678	60276736	50446336
5182321379	5182401732	5182429668	15679	15681	50446336	55361536
5182489201	5182570455	5182598593	15682	15684	55361536	60276736
5182661058	5182740314	5182767938	15685	15687	60276736	50446336
5182826288	5182909065	5182936921	15688	15690	50446336	55361536
5182997492	5183077790	5183106663	15691	15693	55361536	60276736
5183165200	5183246862	5183275599	15694	15696	60276736	50446336
5183334120	5183416015	5183444046	15697	15699	50446336	55361536
5183503095	5183584775	5183612455	15700	15702	55361536	60276736
5183672573	5183754421	5183782183	15703	15705	60276736	50446336
5183853596	5183921846	5183952959	15706	15708	50446336	55361536
5184008061	5184090901	5184118995	15709	15711	55361536	60276736
5184177476	5184260124	5184288363	15712	15714	60276736	50446336
5184347320	5184429557	5184457010	15715	15717	50446336	55361536
5184520321	5184598344	5184626923	15718	15720	55361536	60276736
5184689283	5184767112	5184794917	15721	15723	60276736	50446336
5184856392	5184936164	5184964230	15724	15726	50446336	55361536
5185029857	5185104989	5185132778	15727	15729	55361536	60276736
5185190630	5185274206	5185302015	15730	15732	60276736	50446336
5185359700	5185442771	5185470459	15733	15735	50446336	55361536
5185534005	5185612343	5185639925	15736	15738	55361536	60276736
5185702006	5185780332	5185808381	15739	15741	60276736	50446336
5185869957	5185949602	5185978887	15742	15744	50446336	55361536
5186037332	5186118339	5186146785	15745	15747	55361536	60276736
5186207256	5186288262	5186315862	15748	15750	60276736	50446336
5186373664	5186456269	5186484208	15751	15753	50446336	55361536
5186545410	5186625505	5186654240	15754	15756	55361536	60276736
5186717342	5186794091	5186822097	15757	15759	60276736	50446336
5186883571	5186965602	5186990707	15760	15762	50446336	55361536
5187052386	5187132160	5187159571	15763	15765	55361536	60276736
5187219563	5187302390	5187329051	15766	15768	60276736	50446336
5187391210	5187469973	5187498003	15769	15771	50446336	55361536
5187560124	5187639471	5187666532	15772	15774	55361536	60276736
5187728553	5187807569	5187835566	15775	15777	60276736	50446336
5187897390	5187977561	5188004631	15778	15780	50446336	55361536
5188071571	5188144961	5188173028	15781	15783	55361536	60276736
5188232484	5188314192	5188342187	15784	15786	60276736	50446336
5188401346	5188483346	5188511123	15787	15789	50446336	55361536
5188572045	5188652426	5188680063	15790	15792	55361536	60276736
5188740788	5188821413	5188849064	15793	15795	60276736	50446336
5188909923	5188990367	5189018156	15796	15798	50446336	55361536
5189077859	5189159019	5189187007	15799	15801	55361536	60276736
5189247318	5189327910	5189355825	15802	15804	60276736	50446336
5189416910	5189496805	5189524916	15805	15807	50446336	55361536
5189587385	5189665461	5189693362	15808	15810	55361536	60276736
5189753784	5189834138	5189862297	15811	15813	60276736	50446336
5189922464	5190003037	5190032756	15814	15816	50446336	55361536
5190091220	5190172829	5190200348	15817	15819	55361536	60276736
5190262344	5190344137	5190369574	15820	15822	60276736	50446336
5190428765	5190511106	5190538126	15823	15825	50446336	55361536
5190597895	5190679971	5190707279	15826	15828	55361536	60276736
5190767289	5190848441	5190876637	15829	15831	60276736	50446336
5190937635	5191017982	5191045441	15832	15834	50446336	55361536
5191104409	5191186092	5191214587	15835	15837	55361536	60276736
5191274564	5191355232	5191382934	15838	15840	60276736	50446336
5191441878	5191524318	5191552082	15841	15843	50446336	55361536
5191610639	5191692895	5191720817	15844	15846	55361536	60276736
5191784475	5191861320	5191889361	15847	15849	60276736	50446336
5191950463	5192030214	5192058327	15850	15852	50446336	55361536
5192117743	5192200360	5192227806	15853	15855	55361536	60276736
5192290453	5192368036	5192396207	15856	15858	60276736	50446336
5192456403	5192536970	5192565081	15859	15861	50446336	55361536
5192623729	5192706532	5192734189	15862	15864	55361536	60276736
5192793294	5192875384	5192903305	15865	15867	60276736	50446336
5192962363	5193044170	5193072192	15868	15870	50446336	55361536
5193134891	5193214265	5193241409	15871	15873	55361536	60276736
5193300316	5193382220	5193410023	15874	15876	60276736	50446336
5193471597	5193551981	5193578974	15877	15879	50446336	55361536
5193639622	5193721630	5193747545	15880	15882	55361536	60276736
5193809685	5193890440	5193916676	15883	15885	60276736	50446336
5193975977	5194057925	5194085643	15886	15888	50446336	55361536
5194146080	5194226953	5194254660	15889	15891	55361536	60276736
5194314673	5194395714	5194424058	15892	15894	60276736	50446336
5194484205	5194565146	5194592587	15895	15897	50446336	55361536
5194652140	5194733884	5194761383	15898	15900	55361536	60276736
