# hakuX #462 signal timing: ST_VBlank_Spin
freq_hz 3375000
timeouts 0
intervals_spanning_a_missed_vblank 0
interval n=300 median=16679.407 p5=16506.074 p95=16896.889 min=14173.630 max=18930.074 us
# raw, counter ticks unless named
seen	vbl_count
5197351201	15946
5197407400	15947
5197463691	15948
5197520012	15949
5197576358	15950
5197632661	15951
5197689461	15952
5197745680	15953
5197802244	15954
5197858669	15955
5197914633	15956
5197971037	15957
5198027046	15958
5198083517	15959
5198140046	15960
5198195948	15961
5198252670	15962
5198308927	15963
5198365038	15964
5198421546	15965
5198477695	15966
5198533803	15967
5198590121	15968
5198646441	15969
5198702942	15970
5198759203	15971
5198816047	15972
5198871972	15973
5198928473	15974
5198984393	15975
5199040767	15976
5199097021	15977
5199153523	15978
5199209718	15979
5199266096	15980
5199322353	15981
5199378643	15982
5199434754	15983
5199491785	15984
5199547544	15985
5199603554	15986
5199659715	15987
5199715995	15988
5199772307	15989
5199828647	15990
5199885123	15991
5199941292	15992
5199997898	15993
5200054355	15994
5200110906	15995
5200167670	15996
5200223433	15997
5200279515	15998
5200335638	15999
5200392583	16000
5200448493	16001
5200506205	16002
5200561703	16003
5200617402	16004
5200673249	16005
5200729574	16006
5200785853	16007
5200842269	16008
5200899151	16009
5200954860	16010
5201011088	16011
5201067383	16012
5201123693	16013
5201180045	16014
5201236464	16015
5201293205	16016
5201349437	16017
5201405502	16018
5201462564	16019
5201518463	16020
5201574631	16021
5201631205	16022
5201687251	16023
5201743484	16024
5201800006	16025
5201856096	16026
5201912343	16027
5201968868	16028
5202025099	16029
5202081263	16030
5202137628	16031
5202194118	16032
5202250321	16033
5202306468	16034
5202363138	16035
5202419719	16036
5202475680	16037
5202532613	16038
5202588212	16039
5202644349	16040
5202700905	16041
5202757328	16042
5202813475	16043
5202869529	16044
5202925601	16045
5202981877	16046
5203038251	16047
5203094504	16048
5203150778	16049
5203207336	16050
5203263986	16051
5203320323	16052
5203376248	16053
5203432897	16054
5203489238	16055
5203545399	16056
5203601851	16057
5203658878	16058
5203714179	16059
5203770899	16060
5203826960	16061
5203883108	16062
5203939520	16063
5203995894	16064
5204052013	16065
5204109278	16066
5204165029	16067
5204221015	16068
5204277872	16069
5204333880	16070
5204390164	16071
5204446832	16072
5204502732	16073
5204559151	16074
5204615062	16075
5204671598	16076
5204727903	16077
5204784620	16078
5204840968	16079
5204896372	16080
5204952635	16081
5205009098	16082
5205065280	16083
5205121580	16084
5205177986	16085
5205234201	16086
5205291113	16087
5205347278	16088
5205403794	16089
5205459793	16090
5205515880	16091
5205572058	16092
5205628307	16093
5205684608	16094
5205741128	16095
5205797231	16096
5205854148	16097
5205910632	16098
5205966724	16099
5206022740	16100
5206080266	16101
5206135616	16102
5206191986	16103
5206248606	16104
5206304357	16105
5206360724	16106
5206417138	16107
5206473436	16108
5206529815	16109
5206585863	16110
5206642237	16111
5206698671	16112
5206755176	16113
5206811404	16114
5206867624	16115
5206923542	16116
5206980085	16117
5207037176	16118
5207092691	16119
5207149175	16120
5207205050	16121
5207261548	16122
5207317549	16123
5207373842	16124
5207430158	16125
5207486539	16126
5207542792	16127
5207599894	16128
5207655750	16129
5207712254	16130
5207768611	16131
5207825073	16132
5207881153	16133
5207937448	16134
5207993453	16135
5208050498	16136
5208106561	16137
5208162417	16138
5208219085	16139
5208275189	16140
5208332055	16141
5208388030	16142
5208444147	16143
5208500387	16144
5208556790	16145
5208613012	16146
5208669309	16147
5208725597	16148
5208781899	16149
5208838219	16150
5208894410	16151
5208950937	16152
5209006804	16153
5209063205	16154
5209119386	16155
5209175710	16156
5209232075	16157
5209288300	16158
5209344784	16159
5209400924	16160
5209457329	16161
5209513567	16162
5209569846	16163
5209626652	16164
5209682931	16165
5209739306	16166
5209796267	16167
5209851975	16168
5209908171	16169
5209964291	16170
5210021078	16171
5210078614	16172
5210133504	16173
5210189747	16174
5210245982	16175
5210302433	16176
5210359715	16177
5210414888	16178
5210471939	16179
5210527992	16180
5210584057	16181
5210641933	16182
5210696891	16183
5210753123	16184
5210809855	16185
5210865527	16186
5210921671	16187
5210978818	16188
5211034417	16189
5211090725	16190
5211146965	16191
5211203103	16192
5211259508	16193
5211315804	16194
5211372456	16195
5211428397	16196
5211484734	16197
5211540964	16198
5211597542	16199
5211653895	16200
5211710032	16201
5211766784	16202
5211822592	16203
5211878911	16204
5211935231	16205
5211991398	16206
5212047870	16207
5212104750	16208
5212160476	16209
5212216884	16210
5212272906	16211
5212330456	16212
5212385816	16213
5212442003	16214
5212498631	16215
5212554665	16216
5212610734	16217
5212667396	16218
5212723378	16219
5212779612	16220
5212836193	16221
5212892301	16222
5212948577	16223
5213005563	16224
5213061436	16225
5213117541	16226
5213173586	16227
5213229883	16228
5213286173	16229
5213342451	16230
5213398875	16231
5213455114	16232
5213511387	16233
5213567706	16234
5213624582	16235
5213680740	16236
5213737702	16237
5213793269	16238
5213849561	16239
5213905983	16240
5213962765	16241
5214026654	16242
5214074490	16243
5214130791	16244
5214187080	16245
5214243376	16246
