# hakuX #462 signal timing: ST_VBlank_Event
freq_hz 3375000
intervals_spanning_a_missed_vblank 0
interval n=300 median=16683.259 p5=16564.444 p95=16799.111 min=16303.111 max=17107.259 us
# raw, counter ticks unless named
woke	vbl_count
4316047094	268
4316103309	269
4316159614	270
4316215912	271
4316272220	272
4316328549	273
4316384852	274
4316441156	275
4316497469	276
4316553839	277
4316610079	278
4316666776	279
4316723115	280
4316779392	281
4316835615	282
4316892691	283
4316948362	284
4317004230	285
4317060532	286
4317116840	287
4317173147	288
4317229481	289
4317285763	290
4317342465	291
4317398888	292
4317455149	293
4317511121	294
4317567515	295
4317623722	296
4317679954	297
4317736271	298
4317792542	299
4317848844	300
4317905152	301
4317961457	302
4318018172	303
4318074328	304
4318130742	305
4318186696	306
4318242999	307
4318299306	308
4318355617	309
4318411919	310
4318468224	311
4318524581	312
4318581156	313
4318637603	314
4318693957	315
4318750156	316
4318806507	317
4318863513	318
4318919116	319
4318975313	320
4319031704	321
4319087615	322
4319143919	323
4319200340	324
4319256533	325
4319312840	326
4319369149	327
4319425859	328
4319481764	329
4319538089	330
4319594380	331
4319650687	332
4319706998	333
4319763304	334
4319819606	335
4319875952	336
4319932233	337
4319988534	338
4320044845	339
4320101155	340
4320157456	341
4320214328	342
4320270444	343
4320326827	344
4320382681	345
4320438988	346
4320495301	347
4320551617	348
4320607921	349
4320664232	350
4320721005	351
4320777353	352
4320833532	353
4320890193	354
4320946129	355
4321002549	356
4321058382	357
4321114690	358
4321171029	359
4321227304	360
4321283613	361
4321339918	362
4321396691	363
4321453020	364
4321508848	365
4321565155	366
4321621460	367
4321677765	368
4321734075	369
4321790378	370
4321848115	371
4321903397	372
4321959301	373
4322015669	374
4322071986	375
4322128504	376
4322184635	377
4322240873	378
4322297158	379
4322353456	380
4322409739	381
4322466088	382
4322522400	383
4322578708	384
4322635048	385
4322691348	386
4322747653	387
4322803965	388
4322860278	389
4322916589	390
4322972885	391
4323029160	392
4323085640	393
4323141829	394
4323198082	395
4323254690	396
4323310692	397
4323366992	398
4323423306	399
4323479994	400
4323535926	401
4323592225	402
4323648533	403
4323705217	404
4323761640	405
4323818788	406
4323873811	407
4323930094	408
4323986405	409
4324042704	410
4324099001	411
4324155381	412
4324211624	413
4324267953	414
4324324272	415
4324380566	416
4324436872	417
4324493176	418
4324549468	419
4324606626	420
4324662085	421
4324718378	422
4324774683	423
4324830994	424
4324887303	425
4324943616	426
4325000258	427
4325056247	428
4325112592	429
4325168860	430
4325225172	431
4325281470	432
4325337775	433
4325394103	434
4325450383	435
4325506688	436
4325562994	437
4325619306	438
4325675608	439
4325731916	440
4325788363	441
4325844538	442
4325900840	443
4325957154	444
4326013460	445
4326069764	446
4326127327	447
4326182402	448
4326238705	449
4326295020	450
4326351437	451
4326407663	452
4326463953	453
4326520223	454
4326576543	455
4326632835	456
4326689553	457
4326745451	458
4326801761	459
4326858074	460
4326914384	461
4326970687	462
4327026989	463
4327083305	464
4327139615	465
4327195916	466
4327252230	467
4327308528	468
4327364844	469
4327421144	470
4327477461	471
4327533777	472
4327590070	473
4327646391	474
4327702693	475
4327759232	476
4327815315	477
4327871799	478
4327927933	479
4327984241	480
4328040564	481
4328096904	482
4328153192	483
4328209481	484
4328265807	485
4328322095	486
4328378382	487
4328434728	488
4328490999	489
4328547303	490
4328603664	491
4328660352	492
4328716227	493
4328772523	494
4328828837	495
4328885305	496
4328941445	497
4328997731	498
4329054061	499
4329110611	500
4329166694	501
4329222992	502
4329279294	503
4329335602	504
4329391921	505
4329448225	506
4329504537	507
4329560840	508
4329617140	509
4329673634	510
4329729816	511
4329786065	512
4329842375	513
4329899215	514
4329954992	515
4330011298	516
4330067744	517
4330123916	518
4330180222	519
4330236521	520
4330292857	521
4330349169	522
4330405492	523
4330461891	524
4330518239	525
4330574408	526
4330630693	527
4330687362	528
4330743529	529
4330799616	530
4330855914	531
4330912220	532
4330968532	533
4331024836	534
4331081493	535
4331137467	536
4331193764	537
4331250075	538
4331306380	539
4331362687	540
4331418994	541
4331475299	542
4331532065	543
4331587915	544
4331644223	545
4331700564	546
4331756841	547
4331813145	548
4331869450	549
4331926135	550
4331982094	551
4332038378	552
4332094719	553
4332150982	554
4332207301	555
4332263605	556
4332320223	557
4332376355	558
4332432531	559
4332488845	560
4332545143	561
4332601449	562
4332657755	563
4332714357	564
4332770817	565
4332827077	566
4332882992	567
4332939294	568
